310.000000000000000 658.000000000000000 0.000000100000000 0.000000000000000 
310.000000000000000 594.000000000000000 0.000000100000000 0.000000000000000 
344.000000000000000 866.000000000000000 0.000000100000000 0.000000000000000 
376.000000000000000 1026.000000000000000 0.000000100000000 0.000000000000000 
410.000000000000000 1026.000000000000000 0.000000100000000 0.000000000000000 
446.000000000000000 802.000000000000000 0.000000100000000 0.000000000000000 
446.000000000000000 946.000000000000000 0.000000100000000 0.000000000000000 
447.000000000000000 1010.000000000000000 0.000000100000000 0.000000000000000 
447.000000000000000 833.000000000000000 0.000000100000000 0.000000000000000 
447.000000000000000 304.000000000000000 0.000000100000000 0.000000000000000 
409.000000000000000 352.000000000000000 0.000000100000000 0.000000000000000 
375.000000000000000 352.000000000000000 0.000000100000000 0.000000000000000 
345.000000000000000 352.000000000000000 0.000000100000000 0.000000000000000 
311.000000000000000 352.000000000000000 0.000000100000000 0.000000000000000 
273.000000000000000 352.000000000000000 0.000000100000000 0.000000000000000 
239.000000000000000 352.000000000000000 0.000000100000000 0.000000000000000 
219.000000000000000 272.000000000000000 0.000000100000000 0.000000000000000 
283.000000000000000 288.000000000000000 0.000000100000000 0.000000000000000 
310.000000000000000 304.000000000000000 0.000000100000000 0.000000000000000 
310.000000000000000 785.000000000000000 0.000000100000000 0.000000000000000 
310.000000000000000 689.000000000000000 0.000000100000000 0.000000000000000 
217.000000000000000 112.000000000000000 0.000000100000000 0.000000000000000 
226.000000000000000 208.000000000000000 0.000000100000000 0.000000000000000 
222.000000000000000 208.000000000000000 0.000000100000000 0.000000000000000 
284.000000000000000 144.000000000000000 0.000000100000000 0.000000000000000 
333.000000000000000 210.000000000000000 0.000000100000000 0.000000000000000 
332.000000000000000 178.000000000000000 0.000000100000000 0.000000000000000 
332.000000000000000 290.000000000000000 0.000000100000000 0.000000000000000 
338.000000000000000 1010.000000000000000 0.000000000500000 2.000000000000000 
455.000000000000000 34.000000000000000 0.000000100000000 0.000000000000000 
454.000000000000000 34.000000000000000 0.000000100000000 0.000000000000000 
452.000000000000000 34.000000000000000 0.000000100000000 0.000000000000000 
451.000000000000000 34.000000000000000 0.000000100000000 0.000000000000000 
453.000000000000000 402.000000000000000 0.000000100000000 0.000000000000000 
453.000000000000000 418.000000000000000 0.000000100000000 0.000000000000000 
473.000000000000000 978.000000000000000 0.000010000000000 4.000000000000000 
453.000000000000000 18.000000000000000 0.000000100000000 0.000000000000000 
450.000000000000000 18.000000000000000 0.000000100000000 0.000000000000000 
