284.000000000000000 272.000000000000000 0.000000100000000 0.000000000000000 
311.000000000000000 352.000000000000000 0.000000100000000 0.000000000000000 
345.000000000000000 352.000000000000000 0.000000100000000 0.000000000000000 
355.000000000000000 400.000000000000000 0.000000100000000 0.000000000000000 
376.000000000000000 705.000000000000000 0.000000100000000 0.000000000000000 
374.000000000000000 304.000000000000000 0.000000100000000 0.000000000000000 
354.000000000000000 272.000000000000000 0.000000100000000 0.000000000000000 
344.000000000000000 657.000000000000000 0.000000100000000 0.000000000000000 
344.000000000000000 785.000000000000000 0.000000100000000 0.000000000000000 
344.000000000000000 1073.000000000000000 0.000000100000000 0.000000000000000 
315.000000000000000 657.000000000000000 0.000000100000000 0.000000000000000 
349.000000000000000 801.000000000000000 0.000000100000000 0.000000000000000 
349.000000000000000 1057.000000000000000 0.000000100000000 0.000000000000000 
220.000000000000000 208.000000000000000 0.000000100000000 0.000000000000000 
281.000000000000000 112.000000000000000 0.000000100000000 0.000000000000000 
290.000000000000000 208.000000000000000 0.000000100000000 0.000000000000000 
286.000000000000000 208.000000000000000 0.000000100000000 0.000000000000000 
325.000000000000000 113.000000000000000 0.000000100000000 0.000000000000000 
325.000000000000000 385.000000000000000 0.000000100000000 0.000000000000000 
339.000000000000000 129.000000000000000 0.000000100000000 0.000000000000000 
339.000000000000000 1.000000000000000 0.000000100000000 0.000000000000000 
353.000000000000000 112.000000000000000 0.000000100000000 0.000000000000000 
362.000000000000000 208.000000000000000 0.000000100000000 0.000000000000000 
358.000000000000000 208.000000000000000 0.000000100000000 0.000000000000000 
359.000000000000000 225.000000000000000 0.000000100000000 0.000000000000000 
358.000000000000000 417.000000000000000 0.000000100000000 0.000000000000000 
355.000000000000000 225.000000000000000 0.000000100000000 0.000000000000000 
354.000000000000000 17.000000000000000 0.000000100000000 0.000000000000000 
366.000000000000000 753.000000000000000 0.000000100000000 0.000000000000000 
365.000000000000000 721.000000000000000 0.000000100000000 0.000000000000000 
