283.000000000000000 272.000000000000000 0.000000100000000 0.000000000000000 
310.000000000000000 352.000000000000000 0.000000100000000 0.000000000000000 
320.000000000000000 368.000000000000000 0.000000100000000 0.000000000000000 
313.000000000000000 657.000000000000000 0.000000100000000 0.000000000000000 
347.000000000000000 801.000000000000000 0.000000100000000 0.000000000000000 
347.000000000000000 336.000000000000000 0.000000100000000 0.000000000000000 
357.000000000000000 384.000000000000000 0.000000100000000 0.000000000000000 
355.000000000000000 272.000000000000000 0.000000100000000 0.000000000000000 
375.000000000000000 304.000000000000000 0.000000100000000 0.000000000000000 
377.000000000000000 961.000000000000000 0.000000100000000 0.000000000000000 
345.000000000000000 689.000000000000000 0.000000100000000 0.000000000000000 
344.000000000000000 658.000000000000000 0.000000100000000 0.000000000000000 
344.000000000000000 786.000000000000000 0.000000100000000 0.000000000000000 
344.000000000000000 1074.000000000000000 0.000000100000000 0.000000000000000 
315.000000000000000 658.000000000000000 0.000000100000000 0.000000000000000 
349.000000000000000 802.000000000000000 0.000000100000000 0.000000000000000 
349.000000000000000 1058.000000000000000 0.000000100000000 0.000000000000000 
344.000000000000000 657.000000000000000 0.000000100000000 0.000000000000000 
344.000000000000000 593.000000000000000 0.000000100000000 0.000000000000000 
376.000000000000000 961.000000000000000 0.000000100000000 0.000000000000000 
374.000000000000000 336.000000000000000 0.000000100000000 0.000000000000000 
385.000000000000000 272.000000000000000 0.000000100000000 0.000000000000000 
220.000000000000000 192.000000000000000 0.000000100000000 0.000000000000000 
220.000000000000000 208.000000000000000 0.000000100000000 0.000000000000000 
281.000000000000000 112.000000000000000 0.000000100000000 0.000000000000000 
290.000000000000000 208.000000000000000 0.000000100000000 0.000000000000000 
286.000000000000000 208.000000000000000 0.000000100000000 0.000000000000000 
339.000000000000000 417.000000000000000 0.000000100000000 0.000000000000000 
338.000000000000000 385.000000000000000 0.000000100000000 0.000000000000000 
325.000000000000000 193.000000000000000 0.000000100000000 0.000000000000000 
324.000000000000000 1.000000000000000 0.000000100000000 0.000000000000000 
321.000000000000000 193.000000000000000 0.000000100000000 0.000000000000000 
320.000000000000000 17.000000000000000 0.000000100000000 0.000000000000000 
331.000000000000000 577.000000000000000 0.000000100000000 0.000000000000000 
338.000000000000000 929.000000000000000 0.000000001000000 2.000000000000000 
339.000000000000000 945.000000000000000 0.000000002000000 3.000000000000000 
339.000000000000000 929.000000000000000 0.000000003000000 3.000000000000000 
325.000000000000000 114.000000000000000 0.000000100000000 0.000000000000000 
325.000000000000000 386.000000000000000 0.000000100000000 0.000000000000000 
339.000000000000000 130.000000000000000 0.000000100000000 0.000000000000000 
339.000000000000000 18.000000000000000 0.000000100000000 0.000000000000000 
353.000000000000000 112.000000000000000 0.000000100000000 0.000000000000000 
362.000000000000000 208.000000000000000 0.000000100000000 0.000000000000000 
358.000000000000000 208.000000000000000 0.000000100000000 0.000000000000000 
367.000000000000000 209.000000000000000 0.000000100000000 0.000000000000000 
366.000000000000000 177.000000000000000 0.000000100000000 0.000000000000000 
366.000000000000000 289.000000000000000 0.000000100000000 0.000000000000000 
372.000000000000000 1009.000000000000000 0.000000004000000 2.000000000000000 
364.000000000000000 498.000000000000000 0.000000100000000 0.000000000000000 
353.000000000000000 18.000000000000000 0.000000100000000 0.000000000000000 
352.000000000000000 210.000000000000000 0.000000100000000 0.000000000000000 
365.000000000000000 658.000000000000000 0.000000100000000 0.000000000000000 
369.000000000000000 962.000000000000000 0.000000100000000 0.000000000000000 
369.000000000000000 994.000000000000000 0.000000100000000 0.000000000000000 
383.000000000000000 112.000000000000000 0.000000100000000 0.000000000000000 
392.000000000000000 208.000000000000000 0.000000100000000 0.000000000000000 
388.000000000000000 208.000000000000000 0.000000100000000 0.000000000000000 
