0.000000000000000 0.191572114314932 0.180718681161212 0.182860433730251 0.184814139217727 0.198489329995171 2.492745762810601 1.909817439472704 
0.200000000000000 0.191572114314932 0.180718681161212 0.182860433730251 0.184814139217727 2.499398872083693 2.492745762810601 1.992101168399131 
0.400000000000000 0.191572114314932 0.180718681161212 0.182860433730251 0.184814139217727 0.198489329995171 0.193155414620155 1.973333496434975 
0.600000000000000 0.191572114314932 0.180718681161212 0.182860433730251 0.184814139217727 2.499398872083693 0.193155414620155 1.996463714334027 
0.800000000000000 0.191572114314932 0.180718681161212 0.182860433730251 0.184814139217727 0.198489329995171 0.193155414620155 2.000838517774127 
1.000000000000000 0.191572114314932 0.180718681161212 0.182860433730251 0.184814139217727 2.499398872083693 0.193155414620155 1.989924433304623 
1.200000000000000 2.499993530894218 2.501658499369168 2.102574514175599 2.098356978313319 0.198489329995171 0.193155414620155 0.547010009122914 
1.400000000000000 2.499993530894218 2.501658499369168 2.102574514175599 2.098356978313319 0.198489329995171 0.193155414620155 0.549712546099386 
1.600000000000000 2.499993530894218 2.501658499369168 2.102574514175599 2.098356978313319 0.198489329995171 0.193155414620155 0.549712546099386 
1.800000000000000 2.499993530894218 2.501658499369168 2.102574514175599 2.098356978313319 0.198489329995171 0.193155414620155 0.542949374122713 
2.000000000000000 2.499993530894218 2.501658499369168 2.102574514175599 2.098356978313319 0.198489329995171 0.193155414620155 0.549712546099386 
2.200000000000000 2.499993530894218 2.501658499369168 2.102574514175599 2.098356978313319 0.198489329995171 0.193155414620155 0.540237780536017 
2.400000000000000 2.499993530894218 2.501658499369168 2.102574514175599 2.098356978313319 0.198489329995171 0.193155414620155 0.542949374122713 
2.600000000000000 2.499993530894218 2.501658499369168 2.102574514175599 2.098356978313319 0.198489329995171 0.193155414620155 0.548361735697313 
2.800000000000000 2.096522090909783 2.501658499369168 2.102574514175599 2.098356978313319 0.198489329995171 0.193155414620155 0.930067017421379 
3.000000000000000 2.096522090909783 2.501658499369168 2.102574514175599 2.098356978313319 0.198489329995171 0.193155414620155 0.932092213892474 
3.200000000000000 2.096522090909783 2.501658499369168 2.102574514175599 2.098356978313319 0.198489329995171 0.193155414620155 0.931080031144688 
3.400000000000000 2.096522090909783 2.501658499369168 2.102574514175599 2.098356978313319 0.198489329995171 0.193155414620155 0.929053170382645 
3.600000000000000 2.096522090909783 2.501658499369168 2.102574514175599 2.098356978313319 0.198489329995171 0.193155414620155 0.936132681775803 
3.800000000000000 2.096522090909783 2.501658499369168 2.102574514175599 2.098356978313319 0.198489329995171 0.193155414620155 0.943172047943222 
4.000000000000000 2.096522090909783 2.501658499369168 2.102574514175599 2.098356978313319 0.198489329995171 0.193155414620155 0.935123799604185 
4.200000000000000 2.096522090909783 2.501658499369168 2.102574514175599 2.098356978313319 0.198489329995171 0.193155414620155 0.936132681775803 
4.400000000000000 2.096522090909783 2.501658499369168 2.499987732537286 2.098356978313319 0.198489329995171 0.193155414620155 0.555106544832256 
4.600000000000001 2.096522090909783 2.501658499369168 2.499987732537286 2.098356978313319 0.198489329995171 0.193155414620155 0.553759439616101 
4.800000000000001 2.096522090909783 2.501658499369168 2.499987732537286 2.098356978313319 0.198489329995171 0.193155414620155 0.561827950756765 
5.000000000000000 2.096522090909783 2.501658499369168 2.499987732537286 2.098356978313319 0.198489329995171 0.193155414620155 0.559142227718667 
5.200000000000000 2.096522090909783 2.501658499369168 2.499987732537286 2.098356978313319 0.198489329995171 0.193155414620155 0.564509853135178 
5.400000000000000 2.096522090909783 2.501658499369168 2.499987732537286 2.098356978313319 0.198489329995171 0.193155414620155 0.563169381369789 
5.600000000000001 2.096522090909783 2.501658499369168 2.499987732537286 2.098356978313319 0.198489329995171 0.193155414620155 0.557797942752472 
5.800000000000001 2.096522090909783 2.501658499369168 2.499987732537286 2.098356978313319 0.198489329995171 0.193155414620155 0.561827950756765 
6.000000000000001 2.499993530894218 2.501658499369168 2.499987732537286 2.098356978313319 0.198489329995171 0.193155414620155 1.996463714334027 
6.200000000000000 2.499993530894218 2.501658499369168 2.499987732537286 2.098356978313319 0.198489329995171 0.193155414620155 1.973254773505982 
6.400000000000000 2.499993530894218 2.501658499369168 2.499987732537286 2.098356978313319 0.198489329995171 0.193155414620155 1.998649572647423 
6.600000000000001 2.499993530894218 2.501658499369168 2.499987732537286 2.098356978313319 0.198489329995171 0.193155414620155 1.997920611302789 
6.800000000000001 2.499993530894218 2.501658499369168 2.499987732537286 2.098356978313319 0.198489329995171 0.193155414620155 1.992101168399131 
7.000000000000001 2.499993530894218 2.501658499369168 2.499987732537286 2.098356978313319 0.198489329995171 0.193155414620155 2.000108525097289 
7.200000000000000 2.499993530894218 2.501658499369168 2.499987732537286 2.098356978313319 0.198489329995171 0.193155414620155 2.000838517774127 
7.400000000000000 2.499993530894218 2.501658499369168 2.499987732537286 2.098356978313319 0.198489329995171 0.193155414620155 1.997920611302789 
