0.000000000000000 0.219290867771087 0.213020421797400 0.189539872516765 0.218158231539653 0.208176662609193 2.469529385970682 2.386914796216388 
0.200000000000000 0.219290867771087 0.213020421797400 0.189539872516765 0.218158231539653 2.500125063856413 2.469529385970682 2.400262467829862 
0.400000000000000 0.219290867771087 0.213020421797400 0.189539872516765 0.218158231539653 0.208176662609193 0.213824143605012 2.385582026524389 
0.600000000000000 0.219290867771087 0.213020421797400 0.189539872516765 0.218158231539653 2.500125063856413 0.213824143605012 2.402266902143310 
0.800000000000000 0.219290867771087 0.213020421797400 0.189539872516765 0.218158231539653 0.208176662609193 0.213824143605012 2.399594417028538 
1.000000000000000 0.219290867771087 0.213020421797400 0.189539872516765 0.218158231539653 2.500125063856413 0.213824143605012 2.402266902143310 
1.200000000000000 2.497019945647702 2.500265141131742 2.104117654947300 2.104742641112423 0.208176662609193 0.213824143605012 0.893894148164691 
1.400000000000000 2.497019945647702 2.500265141131742 2.104117654947300 2.104742641112423 0.208176662609193 0.213824143605012 0.894631572613889 
1.600000000000000 2.497019945647702 2.500265141131742 2.104117654947300 2.104742641112423 0.208176662609193 0.213824143605012 0.901248148842797 
1.800000000000000 2.497019945647702 2.500265141131742 2.104117654947300 2.104742641112423 0.208176662609193 0.213824143605012 0.890200229188849 
2.000000000000000 2.497019945647702 2.500265141131742 2.104117654947300 2.104742641112423 0.208176662609193 0.213824143605012 0.898311933767900 
2.200000000000000 2.497019945647702 2.500265141131742 2.104117654947300 2.104742641112423 0.208176662609193 0.213824143605012 0.895368545441215 
2.400000000000000 2.497019945647702 2.500265141131742 2.104117654947300 2.104742641112423 0.208176662609193 0.213824143605012 0.894631572613889 
2.600000000000000 2.497019945647702 2.500265141131742 2.104117654947300 2.104742641112423 0.208176662609193 0.213824143605012 0.900514765254229 
2.800000000000000 2.102920801594248 2.500265141131742 2.104117654947300 2.104742641112423 0.208176662609193 0.213824143605012 2.411624252355750 
3.000000000000000 2.102920801594248 2.500265141131742 2.104117654947300 2.104742641112423 0.208176662609193 0.213824143605012 2.406276756347552 
3.200000000000000 2.102920801594248 2.500265141131742 2.104117654947300 2.104742641112423 0.208176662609193 0.213824143605012 2.409618894205323 
3.400000000000000 2.102920801594248 2.500265141131742 2.104117654947300 2.104742641112423 0.208176662609193 0.213824143605012 2.404271693531655 
3.600000000000000 2.102920801594248 2.500265141131742 2.104117654947300 2.104742641112423 0.208176662609193 0.213824143605012 2.405608377257295 
3.800000000000000 2.102920801594248 2.500265141131742 2.104117654947300 2.104742641112423 0.208176662609193 0.213824143605012 2.409618894205323 
4.000000000000000 2.102920801594248 2.500265141131742 2.104117654947300 2.104742641112423 0.208176662609193 0.213824143605012 2.408282003666727 
4.200000000000000 2.102920801594248 2.500265141131742 2.104117654947300 2.104742641112423 0.208176662609193 0.213824143605012 2.408950445229493 
4.400000000000000 2.102920801594248 2.500265141131742 2.498507142280363 2.104742641112423 0.208176662609193 0.213824143605012 0.897576760831726 
4.600000000000001 2.102920801594248 2.500265141131742 2.498507142280363 2.104742641112423 0.208176662609193 0.213824143605012 0.893156271470843 
4.800000000000001 2.102920801594248 2.500265141131742 2.498507142280363 2.104742641112423 0.208176662609193 0.213824143605012 0.887978417253407 
5.000000000000000 2.102920801594248 2.500265141131742 2.498507142280363 2.104742641112423 0.208176662609193 0.213824143605012 0.890939921376230 
5.200000000000000 2.102920801594248 2.500265141131742 2.498507142280363 2.104742641112423 0.208176662609193 0.213824143605012 0.891679158717352 
5.400000000000000 2.102920801594248 2.500265141131742 2.498507142280363 2.104742641112423 0.208176662609193 0.213824143605012 0.891679158717352 
5.600000000000001 2.102920801594248 2.500265141131742 2.498507142280363 2.104742641112423 0.208176662609193 0.213824143605012 0.890939921376230 
5.800000000000001 2.102920801594248 2.500265141131742 2.498507142280363 2.104742641112423 0.208176662609193 0.213824143605012 0.891679158717352 
6.000000000000001 2.497019945647702 2.500265141131742 2.498507142280363 2.104742641112423 0.208176662609193 0.213824143605012 2.404940021913944 
6.200000000000000 2.497019945647702 2.500265141131742 2.498507142280363 2.104742641112423 0.208176662609193 0.213824143605012 2.408950445229493 
6.400000000000000 2.497019945647702 2.500265141131742 2.498507142280363 2.104742641112423 0.208176662609193 0.213824143605012 2.405608377257295 
6.600000000000001 2.497019945647702 2.500265141131742 2.498507142280363 2.104742641112423 0.208176662609193 0.213824143605012 2.406276756347552 
6.800000000000001 2.497019945647702 2.500265141131742 2.498507142280363 2.104742641112423 0.208176662609193 0.213824143605012 2.404940021913944 
7.000000000000001 2.497019945647702 2.500265141131742 2.498507142280363 2.104742641112423 0.208176662609193 0.213824143605012 2.406276756347552 
7.200000000000000 2.497019945647702 2.500265141131742 2.498507142280363 2.104742641112423 0.208176662609193 0.213824143605012 2.408950445229493 
7.400000000000000 2.497019945647702 2.500265141131742 2.498507142280363 2.104742641112423 0.208176662609193 0.213824143605012 2.409618894205323 
