339,129,-0.00023816170013834289
339,145,-0.0019701110114608979
339,161,-0.0017060446903562094
339,177,-0.0016181297411762756
339,193,-0.0029848463168938902
339,209,2.4817528503007833e-05
339,33,-0.0017508773302140088
339,49,-0.00012827933476307544
339,65,0.00050475698594843724
339,81,-0.0004998182188936407
339,97,0.00076619504121398037
339,113,0.0012013673707664816
338,129,-0.00062241469185766009
338,145,-0.00066488128692329359
338,161,-0.00087900482389980652
338,177,0.0012564618778817577
338,193,0.00089452695935213905
338,209,-0.0017368895306156264
338,33,0.00042489480227575867
338,49,0.00044662151673933515
338,65,0.0026593180714543927
338,81,-0.0021237447120195548
338,97,0.00076647601012920421
338,113,0.002468401059653453
337,129,0.0015955310212248885
337,145,0.0040100382892398504
337,161,0.0013783351414811522
337,177,0.0031427988456160707
337,193,-0.0013677852566745402
337,209,0.00091928492197765126
337,33,0.0011380818431730379
337,49,-0.0027204397050934474
337,65,0.00041549425290371227
337,81,-0.0020762579251404865
337,97,0.0010069754978627617
337,113,0.0019897826834642022
336,129,-0.00043956028789987215
336,145,-0.0028392896015964082
336,161,-0.00076447749728254062
336,177,-0.00059048229469508239
336,193,-0.002905141389777001
336,209,-0.0015924454018321906
336,33,0.0022657255386827301
336,49,0.0014891561148963734
336,65,0.0015975226509829898
336,81,-0.0012871363406093889
336,97,-6.9133845249252362e-05
336,113,0.00040795685759438543
335,129,0.002095118173440041
335,145,-0.001672225403613185
335,161,0.00065281462259203027
335,177,-0.0015866601603726279
335,193,0.00018481782496644354
335,209,0.00035520041467404577
335,33,-2.8374010717659731e-05
335,49,-2.8080048668881397e-05
335,65,0.0015661956646613893
335,81,-0.002786861628062218
335,97,-0.00047576410081186899
335,113,0.0010568048669759385
334,129,0.00055546208475112924
334,145,-0.0011892043973046531
334,161,0.0002079404151732974
334,177,-0.0020005624735292583
334,193,-0.0031013955367509656
334,209,-0.0024844849157790358
334,33,-0.0016512713377021325
334,49,-0.0021981898998050982
334,65,-0.00053328782434760766
334,81,-0.0016493033044664204
334,97,-0.0011891742658393047
334,113,-0.00094853178097241105
333,129,0.0010154194169885553
333,145,0.00069304657574968535
333,161,-0.0018835735090444628
333,177,-0.0025799881837798048
333,193,-0.0030380523551829454
333,209,0.00026114187883010542
333,33,-0.0015146876055496276
333,49,-0.005627804901846706
333,65,-0.0049010336827087653
333,81,-0.0058488559344384372
333,97,-0.0052089309790032288
333,113,-0.0038033538998682604
332,129,-0.0029094965962553595
332,145,0.0011948121499759678
332,161,-0.002123412037223243
332,177,-0.0027999155495901898
332,193,-0.00099120515421541214
332,209,9.2902119990362277e-05
332,33,-0.00096946741949417714
332,49,-0.00068733605531018978
332,65,-0.00099132150473195011
332,81,-0.0031718575309661644
332,97,-0.00053539721912624716
332,113,-0.0023193331293870473
331,129,7.9796394785691246e-05
331,145,1.618905020063063e-05
331,161,-0.0033523480799210669
331,177,-0.0012890731386279029
331,193,-0.0035628049808411246
331,209,-0.0014041761285037524
331,33,0.0035782448125500359
331,49,-0.0030722432941601824
331,65,-0.0038913256916159183
331,81,-0.0057120396072854775
331,97,-0.0065976571811272892
331,113,-0.0024907272208985008
330,129,-0.00099969524197268374
330,145,-0.003067240325456428
330,161,-0.0023469566852961218
330,177,-0.0010423219004311363
330,193,-0.0017808261091006325
330,209,0.0026462841679452992
330,33,-0.00169382852804841
330,49,-0.0043598713789829479
330,65,-0.00191136242575879
330,81,-0.0017373273088735609
330,97,-0.0013027129619989876
330,113,-0.0029142008196543349
329,129,0.0033510617907133748
329,145,-0.0035412595221106687
329,161,-0.0005423871848055068
329,177,0.00098681399876569559
329,193,-0.00025773999018418757
329,209,-0.0015083655886146813
329,33,0.0013134160633450627
329,49,0.0020305303085489342
329,65,-0.0011126032441485859
329,81,-0.0011785392295821993
329,97,-0.0022573374668382697
329,113,-0.0021691162048157321
328,129,-0.0022741002750207712
328,145,0.0012888410084588783
328,161,0.00015130582811333375
328,177,-0.0021840501361062108
328,193,-0.0018520800806609424
328,209,-0.0026719196354917396
328,33,4.1709165362637988e-05
328,49,-0.0024056532580300138
328,65,0.0018557404207636672
328,81,-0.0034059462196437723
328,97,0.0004798299848737221
328,113,-0.0020069448524780769
327,129,-0.00014154296129055061
327,145,0.00041376531762773295
327,161,-3.4705689773970669e-05
327,177,-0.00014134514861821978
327,193,-0.00011995139071382652
327,209,-0.00014132993464456431
327,33,0.0037896472695081364
327,49,0.0028163603543104906
327,65,7.2275558133534271e-05
327,81,0.0023710878817294972
327,97,-0.00095442095397549494
327,113,-0.0047006442833874666
326,129,0.00090028015955858655
326,145,0.00046344382326205587
326,161,-0.00055550857066580608
326,177,-0.0012312399583976621
326,193,-0.0021933151311252369
326,209,-0.0017464495520375497
326,33,0.000969577780861528
326,49,-0.0015590103326032702
326,65,-0.0003695201928643634
326,81,0.00090100561226680808
326,97,-0.0012548394880459437
326,113,-0.0029020139588602314
325,129,0.00035990647641654278
325,145,-0.0014973733074699882
325,161,0.0028979098100988822
325,177,-7.544387880028214e-05
325,193,0.00044759874641185697
325,209,-0.00070887398635406716
325,33,0.0025520171051852617
325,49,0.0019245176866816011
325,65,-0.0012126015655942496
325,81,0.00096974584579446489
325,97,-0.00097141621511323344
325,113,-7.544387880028214e-05
324,129,-0.0016128316652135293
324,145,0.00072780500797952545
324,161,-0.0029908819580640386
324,177,0.00077169431677267858
324,193,-0.0003281999861909214
324,209,-0.00057092377234863132
324,33,0.00035415608979337933
324,49,-0.0019660679994325096
324,65,-0.00043845398282828338
324,81,-0.0032368672655738728
324,97,-0.0024332604685515652
324,113,-0.002121720213227235
323,129,0.00082782591608528014
323,145,-0.00097772325048008416
323,161,0.00051033139642378566
323,177,0.000396643208597841
323,193,-0.0023886781802809776
323,209,-0.0031819419767103478
323,33,0.0032427784409045
323,49,-0.0015775812480889396
323,65,-0.0013923507235630655
323,81,3.1431385744565526e-05
323,97,-0.0008166834905289044
323,113,0.0098584475694175958
322,129,0.0032411524575394384
322,145,-0.00024431737920224911
322,161,0.00010617804330566628
322,177,-0.0025807888645035929
322,193,-0.00024435640087035518
322,209,0.0023959275082811615
322,33,-0.0004418296419783692
322,49,-0.0017182362820850584
322,65,0.00076247890856648141
322,81,-0.0016079129002642787
322,97,-0.0003978729832582834
322,113,-0.0026693553602781944
321,129,0.0027250404969866265
321,145,0.00030231420664619297
321,161,0.0025557773257694253
321,177,-8.1733241543598028e-05
321,193,0.00011032449910577618
321,209,0.0012607164413008392
321,33,0.0051525004065790967
321,49,0.0016221085723975963
321,65,-0.00132205363467996
321,81,0.0027888080631724554
321,97,0.001834470589782414
321,113,0.0017915892841417218
320,129,-0.0032115363607846436
320,145,-0.00089197350299533896
320,161,0.0020174261915839433
320,177,0.00041184307679194466
320,193,0.0054109657908417942
320,209,0.00020917040512985886
320,33,0.00038946718391517286
320,49,0.0042485793589900327
320,65,0.0078722192919648843
320,81,0.0037203894246880037
320,97,0.0016393992983998365
320,113,0.0022837695062230237
319,129,-0.0034869285919428318
319,145,-0.00021066537967310119
319,161,-0.0014001346337681679
319,177,0.0044497924237993846
319,193,0.0040606699116825492
319,209,0.0017807231765888428
319,33,0.0039091859043077336
319,49,0.00040366385423230687
319,65,0.0056574062146243108
319,81,0.0023034224801855032
319,97,0.0026079044018542251
319,113,0.0038442611440671283
318,129,8.9701411683477727e-05
318,145,0.0023181304690094921
318,161,0.011266630855350068
318,177,6.7747078966323986e-05
318,193,0.0023840181646171757
318,209,0.001944660035541767
318,33,-0.0004872147361397418
318,49,-0.0011776564746831472
318,65,0.0030853170346244463
318,81,0.0030852645666023934
318,97,0.0023181781826715321
318,113,0.002252318401772483
317,129,-0.00051993336357703272
317,145,0.0025055124713652295
317,161,0.0053967346036627303
317,177,0.0015252658232138589
317,193,0.0013465912286701415
317,209,0.0035029897417686827
317,33,0.0038343323036723843
317,49,0.00074185739563138774
317,65,0.0051773417720937
317,81,0.0017484122770394833
317,97,0.0024387623294711432
317,113,0.0021273624520051662
316,129,-6.088561306075029e-06
316,145,-0.00066978666600573365
316,161,1.5859235806786334e-05
316,177,-0.0012279769176588345
316,193,0.00044391457257364687
316,209,0.00014437170371916653
316,33,0.00057214033805571413
316,49,0.0014263209691015254
316,65,0.00076460854011821562
316,81,0.0011916677607257727
316,97,0.00095675962924320871
316,113,0.0011489840694903985
315,129,-0.00071868908391469421
315,145,-0.0023329707687776181
315,161,-0.0024394724435525812
315,177,-0.0026951317323260721
315,193,-0.0029724258490147573
315,209,-0.00014659425191662582
315,33,-0.002524746637684214
315,49,-0.0028443597170324823
315,65,-0.0026738213494538897
315,81,-0.0022265218325543163
315,97,-0.0016735195009042782
315,113,0.0084489210010524791
314,129,0.0090865747716496591
314,145,-0.0012335890118714908
314,161,-0.00051317913006392859
314,177,-0.00079669690364024548
314,193,0.00087886767924876181
314,209,0.001225705208144137
314,33,-0.002175561118823081
314,49,0.00077038118891757667
314,65,0.00053141415016378214
314,81,0.0015507354844719414
314,97,-0.00046949151885766928
314,113,0.00018373763042436127
313,129,-0.00028434266226931218
313,145,0.0011569173507920052
313,161,-0.0014860800236764244
313,177,0.0009551335097340443
313,193,0.0038498849316342706
313,209,0.0011121494729242362
313,33,0.00012267915077305666
313,49,0.0067283679776568668
313,65,0.0022965196497574001
313,81,0.00050575427369795988
313,97,-0.00021572168106914825
313,113,0.00012273985091198594
312,129,-0.00018707278661228531
312,145,-0.0018857626908725261
312,161,-0.00083080296820915267
312,177,0.00071348420278514329
312,193,0.0017179407092787831
312,209,0.00024233340249322954
312,33,-0.00035826379875635982
312,49,0.0013763171132995609
312,65,0.0031025133633223751
312,81,0.0033787869360772439
312,97,-0.00072335820462754376
312,113,0.00045655758993383069
339,17,0.0016734971300991104
338,17,1.134866672190362e-05
337,17,0.000491870284705746
336,17,-0.0020433953782840464
335,17,0.0061056475316129668
334,17,0.0019917882043897091
333,17,0.0011754258329513218
332,17,-0.00060876575786427832
331,17,0.0016068116554548279
330,17,0.0037245695716664764
329,17,0.0027816819425211478
328,17,0.0020371548405653988
327,17,0.0014193708307808557
326,17,0.00034823772075134158
325,17,0.0012891716557193842
324,17,0.002770540500390742
323,17,0.00098322630885082883
322,17,0.0025096264326456247
321,17,0.00080827601823334845
320,17,0.0034866391412867077
319,17,0.0026836250206022229
318,17,0.0037682674649171465
317,17,0.0023791493877742911
316,17,0.0037466056617569245
315,17,-0.0041718783154391361
314,17,0.0014207121221548773
313,17,4.6049436082542173e-05
312,17,0.0024417799854941089
339,225,-0.0021494030276984831
338,225,0.00073691987306305615
337,225,0.0062304539455992685
336,225,-0.0023803606435407248
335,225,0.00073691987306305615
334,225,0.0002142260341411969
333,225,0.0011669835881043256
332,225,0.0012350999366878568
331,225,-0.00044702463217393139
330,225,0.00010054978593632727
329,225,0.002967243209044053
328,225,0.0010314131629452351
327,225,-0.002167466288660666
326,225,0.0040726737214904617
325,225,-0.00048346140964558863
324,225,0.00044105631471514576
323,225,0.0013417331387784678
322,225,0.00084879776748739025
321,225,0.0012341253910252777
320,225,0.0019836141725162581
319,225,0.0043276240952574247
318,225,0.00046254411111856249
317,225,0.0011489182089827641
316,225,-0.00074196218368482005
315,225,-0.0025805024220798924
314,225,0.0048440409428453573
313,225,0.0016380545065114468
312,225,0.0015944918327842684
