339,129,0.0022032947427995083
339,145,0.00025392003189385885
339,161,-7.6384071124723996e-05
339,177,0.0011105748501216988
339,193,-0.00018658183480826682
339,209,0.002990558996240292
339,33,0.00040789899841393114
339,49,0.0026199027735101408
339,65,0.0034041802872266328
339,81,0.0010448279055831865
339,97,0.0020958449789322702
339,113,0.0028597917808844925
338,129,0.0026981110213287066
338,145,0.00031110322804018636
338,161,0.0005813529630930048
338,177,0.00085157967142670784
338,193,0.00096285203408891414
338,209,0.001105929299831575
338,33,0.002219648897277415
338,49,0.0018375473500814954
338,65,0.0019330264399665727
338,81,0.0017579677334594993
338,97,0.0018216183256057551
338,113,0.0016784286369698753
337,129,0.00094369032356852805
337,145,0.0038536680718129694
337,161,0.00041245184807787647
337,177,0.0044009092862303959
337,193,-0.0021361955905277079
337,209,0.0005680066150137819
337,33,-0.0024967564734639249
337,49,-0.0019337397397098544
337,65,0.0013216746340726489
337,81,-0.0035823715334244708
337,97,0.00025691032547127472
337,113,0.0020949913481554121
336,129,-0.0012021061587753671
336,145,-0.0034357750895977705
336,161,-0.00078342634028840611
336,177,-0.00012468306348880465
336,193,-0.0040814420616651281
336,209,-0.0031915615926474813
336,33,-0.00025627938461282151
336,49,0.00075116803840220717
336,65,-0.00058558215592548158
336,81,-0.0028588097253408862
336,97,-0.0011574504725189998
336,113,-0.0014878976388240492
335,129,0.001341122060403929
335,145,-0.0015002444774719576
335,161,0.0012335821598157409
335,177,-0.00084713286803592949
335,193,0.0014064062915386485
335,209,0.0025060974312677699
335,33,-0.0027884338176555265
335,49,0.0016222919309944594
335,65,0.0046526019826610083
335,81,-0.00023889306255422824
335,97,0.00045457825734063819
335,113,0.003795542460980929
334,129,0.00096969450006773256
334,145,-0.0004572653429680731
334,161,0.0023037740342075649
334,177,-0.0019596967988230831
334,193,-0.0021816606552238506
334,209,-0.0016939156276212057
334,33,-0.0032044984660827011
334,49,-0.0021370511791910158
334,65,0.00022464706603163366
334,81,-0.00058944421081405019
334,97,0.00072926286707996235
334,113,-8.3091972727941999e-05
333,129,0.00088357325132250959
333,145,0.0005844608015065743
333,161,4.738118055866913e-05
333,177,-0.00012435006315252345
333,193,-0.0010932516112927154
333,209,0.0027455385715123635
333,33,-0.0020433074670376142
333,49,-0.0027790736206071347
333,65,-0.0022378454805551725
333,81,-0.001416804344110816
333,97,-0.002021671864939633
333,113,-0.0018919156754157451
332,129,-0.0039886763070386619
332,145,0.00070773355303244926
332,161,-0.0026258257611801099
332,177,-0.0029328231928405476
332,193,-0.0017289236748531697
332,209,-0.0019255817364733985
332,33,-0.0030644052809550709
332,49,-0.0012705682038071551
332,65,-0.0019692794080495343
332,81,-0.0042301363820909056
332,97,-0.0012051548161870844
332,113,-0.0034378039436914467
331,129,-0.001379191548398125
331,145,0.00097562448421609216
331,161,-0.003348760144038575
331,177,-0.00079148079383814377
331,193,-0.0011962752243307566
331,209,-0.0001185208412916805
331,33,0.001709308990814902
331,49,-0.00056684000180873457
331,65,-0.00088137843082696703
331,81,-0.0023030494471837203
331,97,-0.0019639582220420766
331,113,0.0013315393853111518
330,129,-0.00039651253283814233
330,145,-0.0024287114079509964
330,161,-0.0015520915162359913
330,177,0.00041048859925130036
330,193,-0.0016834180833166488
330,209,0.0046442365630953945
330,33,-0.0013552415252005283
330,49,-0.0020119589944598958
330,65,0.00045395918286407407
330,81,-0.0005255967661929598
330,97,0.00097515716739702391
330,113,-0.00074368671450898737
329,129,0.0060651633369841586
329,145,-0.0019410290251034505
329,161,0.0018807580756989711
329,177,0.0028560343031342871
329,193,0.00020538223738019931
329,209,-0.00051554419495198429
329,33,0.00020539818239023963
329,49,0.0028128759769836722
329,65,0.00016176503253784326
329,81,0.0011422146509034909
329,97,-0.0014576766103907273
329,113,-0.001150699959160189
328,129,-0.0019430070812598895
328,145,0.0022172034501543509
328,161,0.0013641462990784141
328,177,-0.00059263973294612193
328,193,0.00066228628973588155
328,209,-0.0020982676776458769
328,33,-0.0012556581587748457
328,49,-0.00017362680183539408
328,65,0.004436887983273202
328,81,0.00039842699866590617
328,97,0.002828039970942445
328,113,0.00048649843999280741
327,129,0.00010294529337004044
327,145,0.001034290729561943
327,161,0.00021513999130749693
327,177,0.0016080016521349062
327,193,0.00041472194114560085
327,209,0.00096791096783343026
327,33,-0.00062902073426813912
327,49,0.0046767128192032135
327,65,0.0022025890180192727
327,81,0.0047417920218943707
327,97,0.00085744755354681538
327,113,-0.0021259415822845731
326,129,-0.00076754932899434378
326,145,-0.00083135771682089931
326,161,-0.0032058167294851435
326,177,-0.0036611802413474359
326,193,-0.0047474369347332672
326,209,-0.0014773526037758578
326,33,-0.0020813431751053294
326,49,-0.003465900628988757
326,65,-0.0021029408174322562
326,81,0.00086426632302026541
326,97,-0.0026000169908251994
326,113,-0.0021461120720848259
325,129,0.002945215943360949
325,145,0.00013663289582939103
325,161,0.0046822192054241946
325,177,0.0030374227986118582
325,193,0.003104939252249716
325,209,0.0010789972040849917
325,33,-0.00014033401733956716
325,49,0.0017418121958357518
325,65,0.0013309199282112783
325,81,0.0029693516144202741
325,97,0.00059701666620532888
325,113,0.0017193165518172748
324,129,-0.0017803756295509026
324,145,0.0025077049638624425
324,161,-0.0025305470957075961
324,177,0.0022469936276595858
324,193,0.0009182830949264379
324,209,0.00019704537212245445
324,33,0.00052509090602888167
324,49,-0.0026857022140921558
324,65,0.00094010125986773165
324,81,-0.0021989820110662221
324,97,-0.001669699079613075
324,113,-0.0022431279237046199
323,129,0.0012808520450571107
323,145,-0.0019744528151030582
323,161,0.0024454379203086656
323,177,0.0011514293779903251
323,193,-0.0030233808764254248
323,209,-0.0026077033772304802
323,33,0.0026390334636338612
323,49,-0.0024984312374352691
323,65,-0.002892054620875942
323,81,0.00019947850199840354
323,97,-0.0017563560375743405
323,113,0.002617594376248351
322,129,0.00012048445652641566
322,145,-0.00071504665844041276
322,161,0.00043606384084483488
322,177,-0.0027194972892122379
322,193,-0.0015090648822285843
322,209,-0.0024446606009730786
322,33,-0.00066946795566420454
322,49,-0.0018506988527090156
322,65,7.5881237111437568e-05
322,81,-0.00037555509788604369
322,97,-0.0020103569642044498
322,113,-0.0038009865902912769
321,129,-0.0002827651811848271
321,145,-0.0010446437233643466
321,161,-0.0025746736190993763
321,177,-0.0034314230297329885
321,193,-0.0031890126820333124
321,209,-0.0019835518600853745
321,33,0.0018849374199262055
321,49,-0.0026404173853963775
321,65,-0.0045989035550839394
321,81,2.1676947075458721e-05
321,97,-0.0035187533560064894
321,113,-0.004731275875397593
320,129,-0.0019668736164030753
320,145,-0.0017294379066811029
320,161,0.00048237389352227198
320,177,-0.00069696015175940121
320,193,0.0080409323500372758
320,209,-0.0011268893108530604
320,33,-0.0023762757403251429
320,49,0.003679496736830083
320,65,0.00052529654466763887
320,81,0.0023190139870157634
320,97,1.1148860754125745e-05
320,113,-0.00031054805357533737
319,129,-0.0031855423646376902
319,145,-0.0008798831535960529
319,161,-0.002805406116236493
319,177,0.0074220209074684533
319,193,0.0015774597948926129
319,209,-0.00054944528705490076
319,33,0.0033199704556104354
319,49,-0.003139063015556783
319,65,0.0030374796928981092
319,81,-0.0036293596261642233
319,97,-0.0027165191729451566
319,113,-0.0043446966280801429
318,129,-0.00085908833236808741
318,145,-0.0024039932614224988
318,161,-0.0070814175344412972
318,177,-0.0046028556790923079
318,193,-0.0034751833551422686
318,209,-0.0029388848691432488
318,33,-0.0061698640415878102
318,49,-0.0074686108727302263
318,65,-0.0038732846984939457
318,81,-0.0041080293327145035
318,97,-0.0063368973620954597
318,113,-0.005098738184222136
317,129,-0.00117183444444525
317,145,0.0026136937195984982
317,161,0.003081146087759566
317,177,-0.00098697196612334333
317,193,-0.0014878327778381022
317,209,0.00014598848763110539
317,33,-0.0019446054027668365
317,49,-0.0036236846005378168
317,65,0.0027473850243317777
317,81,-0.0018538849691931054
317,97,-0.0022193587707345867
317,113,-0.0016704616998868646
316,129,-0.00065214860822407068
316,145,-0.0024414185279724217
316,161,-0.0019039112670811889
316,177,-0.003546334070365577
316,193,-0.0022540967700596369
316,209,-0.0033342327214336723
316,33,0.00040790276809457441
316,49,-0.0016944377330966273
316,65,-0.001810672961992161
316,81,-0.00048922592408802835
316,97,-0.0022541387861969393
316,113,0.00020141051471686411
315,129,-0.00044976093047632891
315,145,-0.00091318063438476876
315,161,-0.002512388533154373
315,177,-0.002000420017939829
315,193,-0.0032270918560041223
315,209,0.00012475692976216221
315,33,-0.0026462033812285055
315,49,-0.0010240672682354187
315,65,-0.0021560013212018211
315,81,-0.00089119089064007009
315,97,0.00078496733588192939
315,113,0.0029743635837880182
314,129,0.010084038831529536
314,145,-0.0013234655255056223
314,161,-0.0009397775810028264
314,177,-0.0021842914608335038
314,193,7.1807128591958925e-05
314,209,-0.00064720405206260788
314,33,-0.0023205429787423793
314,49,-0.00028719679915729316
314,65,-0.00055691016763846114
314,81,0.0023684840447592203
314,97,-0.0001972784001101498
314,113,-0.0011655661192498559
313,129,-0.0010855868994408199
313,145,-0.0027475349232640631
313,161,-0.0010616895842164781
313,177,-0.0021217505853706681
313,193,0.0026375797782934541
313,209,-0.0016368244913571787
313,33,0.00012710534023185294
313,49,0.010905548796953586
313,65,-3.2315220392990429e-05
313,81,-0.0032829383236711624
313,97,-0.0022604942713917147
313,113,-0.00085583212426913432
312,129,-0.00051863136801574773
312,145,-0.0030599657717492023
312,161,-0.0025844691131077357
312,177,0.0015944647879760614
312,193,0.0014394611842894521
312,209,-0.0022233645320941446
312,33,-0.0005177398246282328
312,49,0.00010699451312973303
312,65,0.0010849886630711761
312,81,0.0031825123430613642
312,97,-0.003218795528989377
312,113,0.00075209734661419228
339,17,0.0022284079790482669
338,17,-0.0021205828613332705
337,17,-0.0014343937849242978
336,17,-0.0017882461236513425
335,17,0.0051160517380979421
334,17,0.00056840266192473288
333,17,-0.00053008910790727814
332,17,-0.0024308852734058395
331,17,0.00074374751320915302
330,17,0.0019679734077945456
329,17,0.00083139205409478347
328,17,-0.00046404370450931479
327,17,0.0014076570435719812
326,17,-0.0011062395691148999
325,17,0.00012073598335948553
324,17,0.003426252548549035
323,17,1.1506971014987422e-05
322,17,0.0020821617905148306
321,17,0.00049205866978322505
320,17,0.0028848768762360609
319,17,0.0022124472471649463
318,17,-0.0013699376080314231
317,17,-0.0015897911877281456
316,17,0.0030799227830345462
315,17,-0.0035491525350698902
314,17,0.0024291932912829024
313,17,-0.0013217722376826818
312,17,0.002884228457779216
339,225,-0.0026184950113417563
338,225,-0.00014855562814788888
337,225,0.0059124636750788389
336,225,-0.0042197974946862329
335,225,-0.0016228625737267585
334,225,-0.0031950310707037303
333,225,0.0019499283991113653
332,225,-0.00036805843412304106
331,225,-0.0027953878480105067
330,225,-0.0030840674794504475
329,225,0.001186645005511907
328,225,2.6929756703267946e-05
327,225,-0.0029315922723332391
326,225,0.0058483177640674547
325,225,-0.0005793057708936702
324,225,-8.0579063303722604e-05
323,225,-0.00090481010921857367
322,225,-0.0011221129711467134
321,225,0.0018420648630407103
320,225,0.0043966469548004311
319,225,0.0048669421550839777
318,225,0.0004173052504579921
317,225,-0.00014556903580022578
316,225,-0.00040570650656302767
315,225,-0.002722896926324173
314,225,0.0066389179029026245
313,225,0.0011366998226360462
312,225,0.0031861484643062959
