339,129,-0.00057505952755078176
339,145,-0.0016053400642252772
339,161,-0.0024881263065479517
339,177,-0.00025323458960895256
339,193,-0.00010333098600248267
339,209,0.00090166294475600955
339,33,-0.0041092460871239534
339,49,0.0015629642695440533
339,65,-0.0050426385257407134
339,81,0.00043157551407274375
339,97,0.0006667169291281411
339,113,0.0001535699726302019
338,129,-0.0016602290849924879
338,145,0.00076174556136861834
338,161,0.00037722281970763659
338,177,-0.001100428714158018
338,193,0.00099656020602673545
338,209,-0.00073589807606219855
338,33,-0.001830881885007429
338,49,0.00084719375790949698
338,65,-0.00062877924944318236
338,81,-0.00065006627184599063
338,97,0.0011671690328687629
338,113,0.0018276428845875356
337,129,0.00068476046943733403
337,145,0.0024010908108897918
337,161,0.0016187794762637022
337,177,0.0022954703032678821
337,193,0.001068071640243245
337,209,0.002738810931908431
337,33,-0.00073844363692073998
337,49,0.0022743194819654072
337,65,0.0027176994068602838
337,81,0.0012587289310601985
337,97,0.0022108671928913978
337,113,0.0025910861420414318
336,129,-0.00053226621959165832
336,145,0.00071233182696357495
336,161,0.0013864298500097961
336,177,0.00014572311034352121
336,193,0.00095170395408696008
336,209,0.0012343721975695996
336,33,-0.00099123504842056403
336,49,0.0022756097667790995
336,65,0.0009734782837482449
336,81,0.00012339903921531568
336,97,0.0011909128349382682
336,113,0.0016902262465351907
335,129,0.00027546516305720627
335,145,-0.0010015724521800831
335,161,0.00040751890117516438
335,177,0.0013060180170344179
335,193,0.00051730811950897765
335,209,0.0010872086105534861
335,33,-0.00053825347059931314
335,49,0.0020268540823695524
335,65,0.0023535932045600895
335,81,0.00099946377334026674
335,97,0.0011309147303441135
335,113,0.0026805308759311687
334,129,-0.0010556966110941508
334,145,0.00012025068488994048
334,161,-0.0048865374333002531
334,177,0.00014157614962150036
334,193,-0.0011407607107553179
334,209,0.00039750446126987486
334,33,-0.0019767797207657679
334,49,0.00063192622875648857
334,65,0.0012492290593541489
334,81,-0.00011457907841140118
334,97,0.0018230663502277677
334,113,0.0014618857366916213
333,129,-0.00070512902713723027
333,145,-0.00063655191503455297
333,161,-0.0001888649463190463
333,177,-0.00034544287871506274
333,193,-0.0017386101126665111
333,209,0.00012384472815703886
333,33,-0.0014677650486847234
333,49,1.2036277919906716e-05
333,65,0.00063645457289903881
333,81,0.00019082749429116688
333,97,0.0014363221022098023
333,113,0.0011034529697767006
332,129,-0.0012980568945355161
332,145,0.0013420463184360774
332,161,0.00106401015144423
332,177,0.0025798757623775605
332,193,0.0011067800180307528
332,209,0.0029418910514929621
332,33,0.00031440899331415122
332,49,0.0021961756963908138
332,65,0.00106401015144423
332,81,0.0016411863821130493
332,97,0.002174852742320983
332,113,0.0021960498259569971
331,129,0.00038301220618442556
331,145,0.0012115223284121645
331,161,-0.00018522331694789858
331,177,0.0016467343723910656
331,193,0.0014075313362311829
331,209,0.0011899100498762847
331,33,0.00016469206836812843
331,49,0.0019292422711862881
331,65,0.0019075367971207781
331,81,0.0001207797633030933
331,97,0.00066681076469670786
331,113,0.0021462282454828116
330,129,-0.0013729445917751196
330,145,-0.00075369328698965605
330,161,-0.00058304918088889033
330,177,0.0011826864107736196
330,193,-0.00017804373317010223
330,209,0.0031295881995472871
330,33,-0.0022931425166580134
330,49,0.0016916233332950742
330,65,0.0010553373942764842
330,81,0.0018610683248398117
330,97,0.0023479106348427673
330,113,0.0013311715792249533
329,129,0.00097229980635459522
329,145,-0.00043970224520996674
329,161,0.0007530995054055422
329,177,0.0012150528421212919
329,193,0.00024583906553689853
329,209,0.0005327541336427635
329,33,-0.0011276047594627274
329,49,0.0022026428829893066
329,65,0.0016107593427807764
329,81,0.0017424432554699856
329,97,0.0019615786677180075
329,113,0.00084100321824661609
328,129,-0.00093922875696423106
328,145,0.00093868395137787985
328,161,0.0018034939754734123
328,177,0.0014490764364749947
328,193,0.0013161145299400994
328,209,0.0014048220414589923
328,33,0.00020395528861157005
328,49,0.0025546435564977924
328,65,0.0035668146058790168
328,81,0.0017813776186472385
328,97,0.0028852047960423724
328,113,0.0020026238198883836
327,129,-0.00036954456490845863
327,145,0.000120603002507116
327,161,0.0014237151678850612
327,177,0.0011593712475250566
327,193,0.00069575663787403176
327,209,0.0013577562850761592
327,33,-0.0029386321677380119
327,49,0.0021275499649121891
327,65,0.0016659459942084595
327,81,0.0024785636518893381
327,97,0.0016219724064481125
327,113,0.0014678357690603642
326,129,0.00036685402395181878
326,145,0.0015298653030861053
326,161,0.0013517216970804443
326,177,0.00070377235322763971
326,193,0.001329430729884928
326,209,0.0022640614809890298
326,33,0.00027808504349912657
326,49,0.0022638191167105187
326,65,0.0020418611986476164
326,81,0.0031059856628082032
326,97,0.0019752293612363297
326,113,0.0024859693741007701
325,129,0.00018420915629213886
325,145,-0.0017092303784167736
325,161,-0.00020486781946713628
325,177,0.00064422611417191457
325,193,0.00050696897202976885
325,209,-0.00057351413005745895
325,33,-0.0026438514582869032
325,49,-0.0018260370625131697
325,65,0.00078144099255509356
325,81,-0.001267660964068739
325,97,0.00043798771027296168
325,113,0.00075860393395586496
324,129,-0.0023242604275884168
324,145,0.0014626611391845062
324,161,0.0010452789974229029
324,177,0.0023390004620472736
324,193,0.0024265292034201958
324,209,0.0022953083371678945
324,33,0.0017697491214186732
324,49,0.00036252991061496532
324,65,0.0022514637184627533
324,81,0.0011110318542792525
324,97,0.0019450571393864965
324,113,0.0021202430023799877
323,129,0.00049901920711096549
323,145,-0.0022293508355381683
323,161,0.0011642649179372691
323,177,0.0016948976387016331
323,193,-0.0053475429473005031
323,209,-1.2285920424466552e-05
323,33,-0.0006590902933077909
323,49,0.00023257833033802079
323,65,0.0004768423499507311
323,81,0.0018712880107332297
323,97,0.00045480717144205537
323,113,0.019954164381060003
322,129,-0.00047137319358499377
322,145,0.00021968764251418179
322,161,0.0014883055452426855
322,177,0.00069304174111267669
322,193,0.00049961986810850389
322,209,0.0014237735267342117
322,33,0.00028430651356234745
322,49,0.0012091894980400088
322,65,0.0032223497994096181
322,81,-0.0022890248083195976
322,97,0.0024956167410315104
322,113,-0.0013567096850362877
321,129,-0.0032562678744516901
321,145,0.0011258543455715958
321,161,-0.0052481122165511747
321,177,-7.6463644736107347e-05
321,193,0.0003251536606233824
321,209,-9.4960641460853129e-06
321,33,-0.00034455011948802061
321,49,0.00108154908662515
321,65,0.00097057859940409682
321,81,0.0034442693791536193
321,97,0.00094835819556406771
321,113,0.0010150047029886505
320,129,-0.00089775531617544637
320,145,-0.00064033236182816158
320,161,0.00076945870535979877
320,177,4.3971592262742162e-05
320,193,0.0053022209822210049
320,209,0.00012935406834707413
320,33,-0.0039518231151795032
320,49,0.0014935169699816914
320,65,-0.0010685441118996944
320,81,0.00076940338398356705
320,97,1.0649946972978667e-06
320,113,0.00053491369965820315
319,129,-0.00023426799154543319
319,145,0.0012151779610978253
319,161,0.00073349900400200162
319,177,0.0033720592873249604
319,193,0.0026331639119536246
319,209,0.0031331246632535347
319,33,0.00086484261649676206
319,49,0.00044833739852856886
319,65,0.0035672387769759462
319,81,0.00057994736026533821
319,97,0.0021976133416677845
319,113,0.0038056281865123808
318,129,0.00026642528718748846
318,145,-0.0018379346158352279
318,161,-0.012582369659094142
318,177,2.420106770019811e-05
318,193,0.0006414491978246501
318,209,0.0020460254820778658
318,33,-0.002373331470093428
318,49,0.00013461662192764846
318,65,0.0014105418534086157
318,81,0.001980313708198215
318,97,-0.00010826956021753954
318,113,0.0020240014794827886
317,129,0.0015937865093968941
317,145,0.0026677092928440484
317,161,0.0020577410182693414
317,177,0.0023313769376646968
317,193,0.0015519294523180117
317,209,0.0019945373564786567
317,33,-0.0024998203001697864
317,49,0.00081298220991033604
317,65,0.0036540729427572884
317,81,0.0024995878655016384
317,97,0.0025627320140704595
317,113,0.0024996542751420038
316,129,-0.00043145919142048925
316,145,-0.0010663157263158521
316,161,0.00058388139514804435
316,177,0.00096363062660968844
316,193,-0.0014907110608205611
316,209,-0.00011345061941846332
316,33,-0.0014483195085683222
316,49,-0.00015560937740200387
316,65,-0.00034600693374340448
316,81,0.00020375702533180528
316,97,-0.0001979029766556367
316,113,0.0026877482068705643
315,129,0.00012584472934234537
315,145,-0.00022549305858051441
315,161,0.0003047626746366897
315,177,0.00021639226589401602
315,193,-0.00038040003122090821
315,209,0.0015151526902974959
315,33,-0.001423260789315757
315,49,0.0018003373079367574
315,65,0.00083368483157888443
315,81,0.0032868798317178252
315,97,0.0028941180135853518
315,113,-0.0027854376126566415
314,129,0.0018914548990975125
314,145,-9.2672083211546103e-05
314,161,0.0011548169403818461
314,177,0.00043644834312119821
314,193,0.0010493203820794159
314,209,0.00073243028558789768
314,33,-0.0020255634042952004
314,49,0.0007536123926951833
314,65,0.0019768630961517247
314,81,0.0030699016971401914
314,97,0.0035521177189917572
314,113,0.0022715917995701977
313,129,0.0011400544195228127
313,145,-0.0001712545819015007
313,161,0.0019694663119643732
313,177,0.00042040123039186839
313,193,0.0029467573203000325
313,209,0.0014250926447748325
313,33,-0.00061022962589821412
313,49,0.0023825061520435851
313,65,0.0023391798089218026
313,81,0.00096685945513629707
313,97,0.0026215574737048094
313,113,0.0033149542200135271
312,129,0.0001749528577485355
312,145,-0.00060476669565185629
312,161,0.00033162430263872076
312,177,0.0011528985336199411
312,193,0.001484905489689418
312,209,0.00070910257448846957
312,33,-0.00035906557958640957
312,49,0.0024998320372104652
312,65,0.0023456862742116517
312,81,0.0023234832096868589
312,97,0.00046508068469361407
312,113,0.0028298845036405368
339,17,0.00026746330147201468
338,17,-0.0010900098656329452
337,17,-0.0014573511231822556
336,17,-7.6706055624116323e-05
335,17,0.0019411451691260355
334,17,0.0012769876029057826
333,17,-0.0021066343274060589
332,17,-0.0002704386375936444
331,17,0.0020693163970229122
330,17,0.0029883266228945523
329,17,0.0013841866806482853
328,17,0.0017484566926862914
327,17,0.00029015347860799555
326,17,0.0011038393221541509
325,17,0.0020677280470911049
324,17,0.0026355951091636735
323,17,0.0015862555704049886
322,17,0.0033110849981970478
321,17,-6.2280362198621864e-05
320,17,0.0026792377084710588
319,17,0.0030278779621403266
318,17,-0.00028315234255328533
317,17,0.001673818244415342
316,17,0.0049821618745359425
315,17,-0.0016101002412651636
314,17,0.00048583626356549421
313,17,-0.00061386946155784908
312,17,0.00011282433333472696
339,225,-0.0013124658840748453
338,225,-0.00031347970253904151
337,225,0.0019325613298188482
336,225,-0.00096434816289833498
335,225,0.00083317521404671657
334,225,-0.00066049845394339126
333,225,-0.00046517703965042947
332,225,0.0018034967019244718
331,225,0.0015233528311690756
330,225,0.0012000054547998604
329,225,0.0022337847128025114
328,225,0.0030071270646103319
327,225,-0.0010396590121103497
326,225,0.0026772488172064081
325,225,0.00087940683752401466
324,225,0.00072714936429607807
323,225,0.00090119647110273435
322,225,0.0013786689553390305
321,225,0.0006838832820683725
320,225,0.0034538406960474893
319,225,0.002806809271855656
318,225,0.0025043587334034061
317,225,0.0025260340447310634
316,225,0.0036905809426475153
315,225,-0.001102450529079877
314,225,0.0021344734756115827
313,225,0.0012924299978249148
312,225,0.0022706980241798051
