339,129,-0.0005199212177087201
339,145,0.001224213796646406
339,161,0.0014998855422980542
339,177,0.0019869485350329855
339,193,0.0024312206675634555
339,209,0.003486470436919813
339,33,-0.0017366750453508713
339,49,0.0041601910674058593
339,65,0.0037393413329603665
339,81,0.0038867060548855139
339,97,0.0038024742657477178
339,113,0.0037814517706933714
338,129,-0.0017003150742104377
338,145,-0.00029883838555659159
338,161,0.00053908791336014852
338,177,0.00038876610161251259
338,193,0.0021661889262779509
338,209,0.0020807659896910505
338,33,-0.0019593497971849769
338,49,0.002529170837491108
338,65,0.0021234901186354773
338,81,0.0025078252102986075
338,97,0.0032113747937725424
338,113,0.0032112944206014989
337,129,0.00020695213614116154
337,145,0.0024794737378027228
337,161,0.0020733111274596041
337,177,0.0032266981387201344
337,193,0.0021160809812195789
337,209,0.0027572631213670352
337,33,-0.0017343728782973813
337,49,0.0030134106953256289
337,65,0.0034185846347013779
337,81,0.0027786138014796948
337,97,0.0037168722371981205
337,113,0.0041423111699230974
336,129,-0.00037348967160624893
336,145,0.00075730482114175093
336,161,0.0019914351657897319
336,177,0.0018401384753630894
336,193,0.0020130372618335753
336,209,0.0020128329465751308
336,33,-0.00032922258860700119
336,49,0.0033712336925631335
336,65,0.0039302301801294052
336,81,0.0044883574565730356
336,97,0.0040590299560464404
336,113,0.0036079114833665457
335,129,-0.00010022615680198348
335,145,7.5224256366736417e-05
335,161,0.00066407403604010413
335,177,0.0012952370454962113
335,193,0.0023802571348622847
335,209,0.0031158265664084513
335,33,-0.00097500235156103895
335,49,0.0034180859503140462
335,65,0.0044743376855752746
335,81,0.004151363918275335
335,97,0.0033101007481788802
335,113,0.0045174248909313442
334,129,0.00062953961596944183
334,145,0.0013993422816046676
334,161,0.0014848309916667309
334,177,0.0023164946380465901
334,193,0.0021886850926073429
334,209,0.0019968011275875242
334,33,-0.0012799413927798578
334,49,0.0024442740459023173
334,65,0.003931651942900509
334,81,0.0036346083894421796
334,97,0.0045883385033552958
334,113,0.0037618837392491191
333,129,2.3201866380598438e-05
333,145,0.0013434260061121689
333,161,0.001737732158662156
333,177,0.0023062813346812487
333,193,0.0014968301817938408
333,209,0.0025245056107832502
333,33,-0.0013691983327145799
333,49,0.0053476250367158005
333,65,0.0028950896588510666
333,81,0.0035919071489137647
333,97,0.0033527178891316722
333,113,0.0038092376329897427
332,129,-0.0014724585952204446
332,145,-0.00060084072693799672
332,161,-0.0012401630562998917
332,177,-0.00035022753026087535
332,193,-0.00082871147116656398
332,209,-0.001171523654613712
332,33,-0.0010114721410154608
332,49,-0.00078348454121358998
332,65,-0.00025910241144216548
332,81,-0.0010571533137464567
332,97,5.8940499290961807e-05
332,113,-0.00055545567328550119
331,129,0.00033419314881582104
331,145,0.0012446513459014651
331,161,0.0020869495044538167
331,177,0.0017848960007951771
331,193,0.0012230316534544683
331,209,0.0021302041968397204
331,33,-0.00062109365306846213
331,49,0.0028194476065550064
331,65,0.0032499276291638691
331,81,0.0071196946653517184
331,97,0.0029701626948178757
331,113,0.0034648012256045875
330,129,0.00014066426100867049
330,145,0.00070666251366162045
330,161,-0.00014994963581952493
330,177,0.0010659131364649374
330,193,0.00039161705223720932
330,209,0.0022288560332141315
330,33,0.00090885689306705953
330,49,0.0018493473187087986
330,65,0.00088643689087142068
330,81,0.0020057267795070164
330,97,0.0017153975338090729
330,113,0.0018718455317754859
329,129,0.00076136785596331931
329,145,-0.00010165588740875508
329,161,0.00045980550106031057
329,177,0.0014938474118899587
329,193,0.00033031124553975787
329,209,0.0005459455207459399
329,33,-0.00066413516499047945
329,49,0.0010849248551384866
329,65,0.00071862304586830302
329,81,0.0012570684790655722
329,97,0.00065392859593516733
329,113,0.00050280136733633126
328,129,-0.00011174703104488102
328,145,0.0014606292636870149
328,161,0.0013698973343990925
328,177,0.0012794195843446876
328,193,0.0011205074066550117
328,209,0.00048341070351947226
328,33,0.00073393251695099044
328,49,0.0016871128219393512
328,65,0.0031514821291635021
328,81,0.0012567188671896762
328,97,0.0022518614783253285
328,113,0.0021616411922230003
327,129,-5.0818480698850374e-05
327,145,0.00096911089660908106
327,161,0.00015016881882256187
327,177,0.0014988535945404174
327,193,0.00094714665080727933
327,209,3.9082306711377693e-05
327,33,-0.0054126136527097518
327,49,0.0022689874300373938
327,65,0.0018512016397880669
327,81,0.0017629027808397459
327,97,0.00094714665080727933
327,113,0.0007695433986733564
326,129,-0.00025367962852166796
326,145,0.0008753683157185242
326,161,-0.00083194541954653874
326,177,-0.00046094345737557525
326,193,-0.00029899337056457149
326,209,9.3560595573747863e-05
326,33,-0.0014370490308143391
326,49,0.00023187669137592006
326,65,-0.00046099184454361772
326,81,0.0020402194786273034
326,97,0.00078343847987273206
326,113,0.0011043188962916247
325,129,-0.00066042299778577168
325,145,-0.0012015166015385032
325,161,0.0013056221570619201
325,177,0.0012842782968989241
325,193,0.00052962823917964926
325,209,5.4578855837971454e-05
325,33,-0.0019841309285189442
325,49,-0.0001183258690583256
325,65,0.00031389792263762049
325,81,-0.00014005257974792091
325,97,0.00050806624743773257
325,113,0.00089645046303259406
324,129,7.7970651723186323e-05
324,145,0.0017069101315515742
324,161,0.00014262362458122821
324,177,0.0025185661107756589
324,193,0.0012575842327336112
324,209,0.0013860630413644972
324,33,0.0001640051037133214
324,49,-0.00063154147829732276
324,65,0.0017283040012954875
324,81,0.00057179268114360767
324,97,0.00087208056672523327
324,113,0.0008934949130682961
323,129,0.00015579759202659661
323,145,-0.00010134787554497274
323,161,0.001977526851507923
323,177,0.0012502435096227768
323,193,0.0042993824137820633
323,209,0.00084309212776977386
323,33,0.000800245238018978
323,49,0.00045711072427997545
323,65,-0.00018735861990934631
323,81,0.001507057398504036
323,97,0.00079997914505023835
323,113,-0.0094509222217700455
322,129,-0.0017707126082885203
322,145,0.0002771566674258407
322,161,7.1580457220595073e-05
322,177,0.0001857520092428806
322,193,-0.00059274250245917978
322,209,-0.0037288433532088371
322,33,0.00045958790506529014
322,49,0.00096001900943739596
322,65,-0.00091455430062068333
322,81,0.0033732657216273081
322,97,0.00011724754098175986
322,113,0.0027677552044439299
321,129,-0.00018797113991384407
321,145,-5.9362086505751955e-05
321,161,-0.00054724932646217563
321,177,-0.0015249607019970296
321,193,-0.0010357764569561662
321,209,-0.0011421425295715768
321,33,0.00095660669725232406
321,49,-0.00052603208492891227
321,65,-0.00086576582807730139
321,81,-3.8188111172333174e-05
321,97,-5.9413046971972463e-05
321,113,0.00044899577749027354
320,129,6.5639105386227698e-05
320,145,-0.00037059648955817818
320,161,0.0003648426250313151
320,177,0.00050231673979103956
320,193,0.0073221491687618778
320,209,0.0003648426250313151
320,33,-0.0019469801353630186
320,49,0.0018927832874083171
320,65,-0.00030155017560549188
320,81,0.00061679486906736456
320,97,2.0594358453676954e-05
320,113,-0.00025543226692160883
319,129,-0.00012569981312205328
319,145,-0.0001694192393550056
319,161,-0.0005683670376907023
319,177,-0.0030017031193470605
319,193,0.00047167508918772596
319,209,-0.00019157246413634453
319,33,0.00038337938432335313
319,49,7.5255223416019963e-06
319,65,0.0030620410971991942
319,81,0.00025045285300108163
319,97,2.9751606497058698e-05
319,113,-0.0021945098067322347
318,129,-0.0008629987590258589
318,145,-0.0011725549613293479
318,161,-0.012449061179449354
318,177,-0.00039561766722766111
318,193,4.7101586309381554e-05
318,209,0.00070923808647979864
318,33,-0.0013727376396113092
318,49,-0.00024102105504957209
318,65,-0.00021841411500798366
318,81,-0.00041771001609731522
318,97,-0.00019623785259059951
318,113,0.0009072314892473361
317,129,-0.000645615093880927
317,145,0.00059027056782907353
317,161,0.00052425201699857985
317,177,-0.00055657433348556772
317,193,-0.0018208074938777389
317,209,-0.00077787153948317891
317,33,-0.0019097432643957282
317,49,-0.0015984979195947865
317,65,0.0013151029235962336
317,81,-4.604496047346286e-06
317,97,-0.00088859676665166236
317,113,-0.00018107924236825473
316,129,-0.00027202286509114712
316,145,-1.5028622240275679e-05
316,161,0.00073145133834663732
316,177,-0.00010041619140358373
316,193,0.0012423429126473698
316,209,0.00075274664853669992
316,33,0.0010934515547799195
316,49,0.00073140109489526798
316,65,0.00085925585963609707
316,81,0.0017313257673150413
316,97,0.0010721461969469877
316,113,0.0028556765757029859
315,129,0.001352005047983682
315,145,0.0014179963384174418
315,161,0.0012651405139644698
315,177,0.0013525937951748856
315,193,0.0016574007983261427
315,209,0.0020059213474819901
315,33,0.00074126483771401008
315,49,0.0020059213474819901
315,65,0.0020276193021644172
315,81,0.0024405789859019331
315,97,0.0023754268872143687
315,113,-0.00011231175808385879
314,129,0.0026959058382984803
314,145,-0.00075954694362713644
314,161,0.00076260351145895336
314,177,0.00034927134702264273
314,193,-0.0005507039348554251
314,209,0.00023424453059173352
314,33,-0.0016902511787679527
314,49,0.00018810373311130334
314,65,2.6836024034804114e-05
314,81,0.0018594286428219461
314,97,0.0015170801558092976
314,113,0.0016312818293299637
313,129,-0.00037543939871698411
313,145,-0.0012130749675508968
313,161,9.9501083157198109e-05
313,177,0.00028017278711704957
313,193,0.0015590916149878825
313,209,0.00032528814651671875
313,33,-0.0001032629045836021
313,49,-0.0045934703113977311
313,65,0.000797425298165833
313,81,0.00061765043629871588
313,97,0.0014473578370905393
313,113,0.0019162903315489597
312,129,-0.00021564496877893988
312,145,-5.4165693221391695e-05
312,161,3.7260835996869338e-05
312,177,0.002036066183995626
312,193,0.0018778787877110435
312,209,0.00031146226387897838
312,33,0.00044787400299194427
312,49,0.001583638061856647
312,65,0.0022390071197213187
312,81,0.0029140279637659703
312,97,0.00072132109489070968
312,113,0.0024868174747958633
339,17,1.0937128673973253e-05
338,17,-0.0020454922003909234
337,17,-0.0016805358197331194
336,17,-0.00028847242595129535
335,17,0.001396641635927152
334,17,0.00045916023508421426
333,17,-0.0017448881855258887
332,17,3.2297926796793559e-05
331,17,0.00041651181148637625
330,17,0.0019919001336596381
329,17,0.00086427136316097732
328,17,-0.00067321838974310287
327,17,0.00017810559505052832
326,17,0.00048164411978450175
325,17,0.0018368590565085966
324,17,0.0026731007040901211
323,17,0.0014500786576796196
322,17,0.0023303355138154388
321,17,5.0270745217428041e-05
320,17,0.0025660699412509216
319,17,0.0026731523423018386
318,17,0.00099850534363836972
317,17,0.0013427225263025625
316,17,0.0032296319070710595
315,17,-0.00035617934655705961
314,17,0.0014301696687438212
313,17,0.00036483461829666411
312,17,0.0019507135082638309
339,225,-0.00067575192669867075
338,225,0.00014206317485941094
337,225,0.0022055176743691215
336,225,-1.2338199607072041e-05
335,225,-0.00014480798912742002
334,225,-1.2377503716933367e-05
333,225,-0.00045410025559164407
332,225,0.0012853951099291801
331,225,0.00045052707080331351
330,225,-1.2342566959451963e-05
329,225,0.0018994633235287506
328,225,0.0013076298123030584
327,225,-0.00078701911885107635
326,225,0.0020548846666666207
325,225,0.00059591629286595994
324,225,0.0011810895489349426
323,225,0.00043812687826186574
322,225,0.00048319451140570343
321,225,-0.00037627292611190242
320,225,0.0024349115766538103
319,225,0.0029472190082810608
318,225,0.0014504203488576589
317,225,0.0012485398033653915
316,225,0.0014729709855480883
315,225,-0.00013344403318038387
314,225,0.0032847577468814422
313,225,0.0022966414043276736
312,225,0.0033071392316594054
