339,129,-0.00087486778097575367
339,145,-0.00098589116870545978
339,161,0.00039140940244384263
339,177,-0.00029562858460418378
339,193,-0.0010079707400969767
339,209,-0.00085178802548059812
339,33,0.001010807500631138
339,49,0.0025071099395587203
339,65,-0.0015437126788770442
339,81,-7.1176304129588176e-06
339,97,-0.0010300443840354913
339,113,-0.001074714816480178
338,129,0.00095551484574705298
338,145,0.00027448664844016045
338,161,-0.00052088984281786559
338,177,0.0011329981859648478
338,193,-0.00018913021377883535
338,209,0.00084695315245765707
338,33,0.00060479862609069397
338,49,-0.00052094519283146529
338,65,0.00049480245866693074
338,81,-5.656278271307753e-05
338,97,-0.0003881231405025718
338,113,-0.00025546568113356407
337,129,0.00021268825866828085
337,145,-0.0012647814820275387
337,161,-0.00012906450787512607
337,177,-0.00030022082049051545
337,193,-0.00012895699692017155
337,209,-0.00045004968123196309
337,33,0.0014507997900347325
337,49,-6.4836734873931741e-05
337,65,0.00017046783965197655
337,81,0.00053368013198878234
337,97,-0.00055714235672206481
337,113,-0.0012433175396371252
336,129,-0.00054527059760322042
336,145,-0.00061157765316446086
336,161,-0.00083771676032524305
336,177,0.00035715379124948886
336,193,-0.00074718551462863673
336,209,-9.2717229291792381e-05
336,33,-0.00063427568223075356
336,49,-0.0014952626890190599
336,65,-0.0014270408462827902
336,81,-0.0014043268628442707
336,97,-0.0011320748945913024
336,113,-0.00065714906822469553
335,129,0.00043212766057979836
335,145,0.0004338992591533693
335,161,0.00092818388296423652
335,177,0.00090580905573837012
335,193,0.00041128579564407976
335,209,-0.00024246041396613449
335,33,0.0011298735318373519
335,49,7.3536793877389508e-05
335,65,-0.00099002745583575834
335,81,-0.00069504421046594276
335,97,0.00016363593337324266
335,113,-0.00062702043428951846
334,129,-0.00077248006429002163
334,145,-0.00066000740460437062
334,161,-0.0026847767874005899
334,177,-0.00063770199108291144
334,193,0.00032161249054836824
334,209,-7.942657739259582e-05
334,33,0.00087715035796282316
334,49,0.00047717494637825844
334,65,-0.00016855924653964895
334,81,0.00018797434999605247
334,97,-0.00088381700862010079
334,113,-0.00063770199108291144
333,129,0.00030147531102819809
333,145,-0.00047425214320390884
333,161,-0.00018526772667048764
333,177,0.00063507733448682469
333,193,0.0013640340669039512
333,209,0.00025849292101534052
333,33,0.0012758517125985652
333,49,-0.0021503701480725893
333,65,1.4598857731997729e-05
333,81,0.00098877784540849813
333,97,-0.00056338428118389962
333,113,-0.00067479376939491196
332,129,0.0054205897637187913
332,145,0.00033175914602024737
332,161,-0.0002397974968500218
332,177,-0.0019631603374612025
332,193,-0.00017382456074954233
332,209,-0.00030592506110390955
332,33,-0.00074656735199033343
332,49,-0.00034983517761733637
332,65,-0.00065835021388176726
332,81,-0.00070248042787746188
332,97,-0.00085687781657098306
332,113,-0.00096723625850190045
331,129,0.00017936704832662801
331,145,2.2424244384111832e-05
331,161,-6.7335478976528787e-05
331,177,0.00047128440657332647
331,193,0.00087433527785945567
331,209,0.00062802218478466825
331,33,0.0013656193768329925
331,49,0.00087431902261614293
331,65,-0.00031479410379781661
331,81,-0.0033144988868911533
331,97,0.00062818792239968104
331,113,0.00040405656521195121
330,129,0.00044662259640921144
330,145,0.00075369475337621998
330,161,0.0011683448454244104
330,177,0.00044764040253584885
330,193,0.0011683273754911883
330,209,0.00044759616692993047
330,33,0.00068811401561277884
330,49,-7.7696645885334538e-05
330,65,0.00090654188024078832
330,81,0.00040400701150966628
330,97,5.3807878965119183e-05
330,113,0.00018510728277059313
329,129,0.00075782302532613011
329,145,0.00024155239895331146
329,161,0.00084831548974226561
329,177,-5.1295271212100076e-05
329,193,0.00060138348114395208
329,209,-5.1319592317613679e-05
329,33,0.00042162038369042036
329,49,0.00021839019852941345
329,65,-0.00045782851913805684
329,81,0.00017404928571088238
329,97,-0.00070668029123803001
329,113,-0.00045788496376412627
328,129,0.00072379122191870888
328,145,-0.00013159095481693562
328,161,0.00038226266115191454
328,177,-0.00045307899335357701
328,193,0.00036070503318790231
328,209,-0.00051749420215009914
328,33,-0.00064623868328333805
328,49,-0.0013334322837266046
328,65,-0.00047452716070236941
328,81,-0.00034592422111877103
328,97,-0.00060322405392860504
328,113,-0.0012904107668978712
327,129,-0.00031622145205451578
327,145,-0.00066712616807802771
327,161,1.3883395221969739e-05
327,177,0.00021125013203046307
327,193,5.7518547533557678e-05
327,209,0.00084581265767734513
327,33,0.0047329186976149623
327,49,-0.00031540030036207502
327,65,-0.00046939027110886895
327,81,0.00010163055613522298
327,97,0.00016739997760989792
327,113,7.969183836475077e-05
326,129,-0.0012066142040983484
326,145,-0.0014505427511533715
326,161,-0.0013613891596866968
326,177,-0.00078356717396301553
326,193,-0.0009833180449535042
326,209,-0.00071688737924346208
326,33,3.569535174667257e-05
326,49,-0.0013390531312312934
326,65,-0.00093889183802504429
326,81,-0.0013172054114112142
326,97,-0.0016064532945550174
326,113,-0.001539579718331934
325,129,0.00029930157850450697
325,145,0.00030211977694338202
325,161,-0.00038337863930752909
325,177,-0.00091112405514231283
325,193,-0.00063537537119940323
325,209,-0.00015441411754837857
325,33,0.0017541971614135688
325,49,-8.5881751170840075e-05
325,65,-4.0122518503102839e-05
325,81,-0.00068126613878062732
325,97,-0.00058967609905342098
325,113,-0.00042908727803410315
324,129,-0.00089692210240797487
324,145,-0.001054979005605681
324,161,-0.0006228294953182803
324,177,-0.0016253914984637441
324,193,-0.00153396539220569
324,209,-0.0016711152174287128
324,33,-0.0009638804609425945
324,49,-0.00044130842062817043
324,65,-0.0023588278717017858
324,81,-0.0011466832492189336
324,97,-0.0013058389863753559
324,113,-0.0022210811657680189
323,129,-0.00025307553740384198
323,145,0.00066102678439801236
323,161,-0.0012784095982172844
323,177,-0.0008850435584404398
323,193,-0.0034090679168755121
323,209,-3.4800973044835962e-05
323,33,0.00044364756322946386
323,49,-0.0012348204427970204
323,65,-0.00038327688548042238
323,81,-0.0023303569583363686
323,97,-0.0013221684368833319
323,113,0.012460286079385563
322,129,0.0023306537842817227
322,145,-0.0003317417226309473
322,161,-0.00026521252385690959
322,177,-2.18866560933221e-05
322,193,-0.00022094777478235832
322,209,0.0027471960567843905
322,33,0.00035366036550311486
322,49,-0.0015307636673817092
322,65,-0.00042021550838113432
322,81,-0.0030066121909643169
322,97,-0.0020884630803025849
322,113,-0.003501203849537152
321,129,0.0026027472815975056
321,145,-0.00019879213264787594
321,161,0.00018829532846653048
321,177,-1.6533386428680415e-05
321,193,-0.00035847667265863944
321,209,0.00032467921271423238
321,33,-0.00010772810483283718
321,49,-0.00024441722904847184
321,65,0.00059701051107303657
321,81,-0.0012283171625652911
321,97,-0.00058701106397928597
321,113,-0.00065552226187221799
320,129,4.2506017299441752e-06
320,145,0.0001612094589828444
320,161,-0.00077440565297773138
320,177,-0.00055170870146900618
320,193,-0.0092394123925983677
320,209,-0.00021695067394837978
320,33,0.0032500312618036461
320,49,-0.0011767363759692456
320,65,0.0004054348389557544
320,81,-0.00017242490588971552
320,97,7.2312997869927891e-05
320,113,-3.897821251722208e-05
319,129,0.00015295334879437199
319,145,-0.00057209069590871827
319,161,-0.00072160619298834348
319,177,0.0032718676868269446
319,193,-0.00082841782284683615
319,209,-0.0012773857879674663
319,33,-0.0010848945844209987
319,49,-0.0012560021424039493
319,65,-0.0027136898139372583
319,81,-0.0013416134875589086
319,97,-0.0013631149882188376
319,113,0.000259686204760358
318,129,0.00037690031185393807
318,145,0.00037769387848751474
318,161,0.0019515981805217158
318,177,0.00018023268688660348
318,193,-0.0010076898103356382
318,209,-0.0012504655441299547
318,33,0.00057451947037621195
318,49,-0.0007431806737435955
318,65,-0.00056698608767333518
318,81,-0.00078723350797536373
318,97,0.00013630354850243661
318,113,-0.0014271539729549183
317,129,-0.00040564600666665178
317,145,-0.0012680706144906344
317,161,-0.00079332101425605797
317,177,-0.00066382162046850837
317,193,0.0012280744793271856
317,209,0.00024043503530049438
317,33,0.0027254808555669994
317,49,0.0003479200887325603
317,65,-0.0012896611203391665
317,81,-0.0010737038217337011
317,97,-0.00096584580886419026
317,113,-0.00036218583607916185
316,129,0.0004148135360035382
316,145,0.00069160373852854501
316,161,-0.00034400991596316181
316,177,-0.00015923876125180283
316,193,-0.0010388501701532914
316,209,-0.0002286899949170243
316,33,0.0010112571254749568
316,49,-0.00011308159724549293
316,65,-0.00052910023974178872
316,81,-0.0010850989486571453
316,97,-0.00059837130544312868
316,113,-0.0014339661493350515
315,129,-0.00093294063489735544
315,145,-0.00030196800883221762
315,161,-0.00062819190253014746
315,177,-0.00099821376478571172
315,193,-0.00071514988896740153
315,209,-0.0014123548850201188
315,33,0.00030578893536496997
315,49,-0.00067158429360524908
315,65,-0.0014340900231924593
315,81,-0.0028998703405298787
315,97,-0.0016741975531668809
315,113,0.00071748376365721156
314,129,0.00027165139072820069
314,145,0.00083273956517403689
314,161,-0.00087599753091499306
314,177,0.0003398517466437244
314,193,0.00029503936348832817
314,209,-0.0003343261698456746
314,33,0.0022145673077848351
314,49,-0.0002442746307093
314,65,-0.0010795058153921285
314,81,-0.00096605448484145327
314,97,-0.00010929781121841679
314,113,-0.0011922561995561171
313,129,8.6348975233978162e-05
313,145,0.0014146840448021499
313,161,0.00019625604175632164
313,177,0.0003270995383666551
313,193,-0.00065548467524243143
313,209,-1.1006120469815536e-07
313,33,0.0018701504637683595
313,49,0.0045256508694069206
313,65,-0.00017473845754983585
313,81,-0.00056798555635448182
313,97,-0.0013126261879836921
313,113,-0.0018175798407818486
312,129,0.0011168582537176251
312,145,-4.3424496919083677e-05
312,161,0.00026980357793943231
312,177,-0.00087438533668038072
312,193,-0.0013477361596128834
312,209,-0.0012123138190143717
312,33,0.00089420263326251239
312,49,-0.0014605723993620903
312,65,-0.0021169836097628745
312,81,-0.0019356385367027943
312,97,-0.0013027057045723075
312,113,-0.0013026443730479976
339,17,-0.00032311257779326556
338,17,0.0013839588607009977
337,17,0.0009527319524629327
336,17,-0.00030092183312230313
335,17,-0.00077765622494749037
334,17,-0.0015378255390522616
333,17,0.0017069428644259899
332,17,0.00019690377806168825
331,17,-0.00073431438831975387
330,17,-0.0011249360001407132
329,17,-0.0012769840464439562
328,17,-0.00086442456132652273
327,17,-0.00032401547552504272
326,17,-0.00079041420679314394
325,17,-0.0020420220732579458
324,17,-0.0014598515161968722
323,17,-0.001348197764497065
322,17,-0.0018852130284089015
321,17,-0.00079070047588895831
320,17,-0.0017955590202698413
319,17,-0.0024686888665874638
318,17,-0.00063456663433653624
317,17,-0.0014375026005851222
316,17,-0.0032346576802063354
315,17,-0.00013398963631259091
314,17,-0.00015468108410138446
313,17,0.00036508549256641367
312,17,-0.0005015928491341569
339,225,-0.00013722614888552398
338,225,-0.00042106006350776801
337,225,-0.00050869485716699935
336,225,-0.0005306564632685056
335,225,-0.00048679096251062515
334,225,-0.00074988466386351942
333,225,0.00019153747838268484
332,225,-0.00099145792707661779
331,225,-0.001562854969855972
330,225,-0.0011450084196575963
329,225,-0.0017830566207529489
328,225,-0.0016509103862478343
327,225,0.00017794015080205378
326,225,-0.0014850059122063319
325,225,-0.00081404265873744551
324,225,-0.0015283974603619167
323,225,-0.0010086946705256633
322,225,-0.00087886027759892721
321,225,-0.00081398342168953583
320,225,-0.0017885308455208415
319,225,-0.0015934107149736354
318,225,-0.0016150631127826755
317,225,-0.001268582578104401
316,225,-0.0023095830508646554
315,225,0.00078901655132313214
314,225,0.001007333658798836
313,225,-0.00041432255926515801
312,225,-0.0010293837515738639
