339,129,0.00086583174344066587
339,145,0.001943172324733644
339,161,0.0011895067509658051
339,177,0.0012326195027409709
339,193,0.00095226232900769256
339,209,0.00019610768121483267
339,33,0.0022654617389275275
339,49,-0.0026936322582154937
339,65,0.0045788672329582893
339,81,0.00036928194108366434
339,97,0.00052053757274028907
339,113,0.0006500720200210404
338,129,0.00046067831691036168
338,145,-0.00046484861567490989
338,161,0.00048408872932171801
338,177,0.00046110743693607612
338,193,-0.00020954222463656963
338,209,0.00016090790335337242
338,33,0.00018325066064256478
338,49,2.1878721048612568e-05
338,65,0.00043810298597242534
338,81,0.00050711695683200594
338,97,-0.00067414826090958252
338,113,-0.0010706012281284216
337,129,-0.00079153885048050053
337,145,-0.0011600675202683749
337,161,-0.0011818967192594293
337,177,-0.000899113854541632
337,193,-0.00044219810190574202
337,209,-0.0020982222324380418
337,33,-0.00092098265151431178
337,49,-0.0022511849661037962
337,65,-0.00181435583481107
337,81,-0.0013997350731882641
337,97,-0.0012255042119801822
337,113,-0.0015960378394938362
336,129,0.00046654217553599949
336,145,0.00033374829519485058
336,161,-0.00049605688983045783
336,177,0.00028910024946590397
336,193,6.5119374239484343e-05
336,209,0.00010987088491635481
336,33,0.00069159257096278225
336,49,-0.00029383375185752856
336,65,-0.00047356762569599229
336,81,0.00031143788626072428
336,97,-0.00031634008945769171
336,113,-0.00099140847783399638
335,129,-0.00024194335300525756
335,145,0.00053600597587489152
335,161,-0.00021939171546999525
335,177,-0.0010849301442418886
335,193,-0.0010632283109126997
335,209,-0.00028428893042816794
335,33,-0.00078171003676322833
335,49,-0.0014968638151811691
335,65,-0.00067348907481653067
335,81,-0.00039229629531740078
335,97,-0.0012149286646403576
335,113,-0.0018007861469963296
334,129,0.00067739215616178248
334,145,-0.00021283877909814667
334,161,0.0037463070650533498
334,177,-0.00032452475704727353
334,193,-0.00019047931005524118
334,209,-0.00021280689278144888
334,33,-0.00012365485907951885
334,49,-0.0013104065687992127
334,65,-0.0016703304035089628
334,81,-0.00059285794998838691
334,97,-0.0013553675590951958
334,113,-0.0013331162359837266
333,129,-1.7320556500451478e-05
333,145,0.00012290721973382066
333,161,-0.00022398116024882411
333,177,-0.0008975408187020616
333,193,0.0007913854908548763
333,209,-0.00022417561968904383
333,33,0.00044593413512056235
333,49,-0.0010606389228085262
333,65,-0.001551332378331596
333,81,-0.0013407432385092542
333,97,-0.0014342503231582942
333,113,-0.00089757471282659739
332,129,-0.0033481960236262497
332,145,-0.00067056626032022148
332,161,-0.00018395346591907512
332,177,-0.00098081156484444406
332,193,-0.001224877061744356
332,209,-0.0015361375526288562
332,33,0.00058800054322054882
332,49,-0.001136078370084884
332,65,-0.00060441159972971338
332,81,-0.0018252720665183344
332,97,-0.0019812370200210853
332,113,-0.0011361989051069099
331,129,-0.0011993652203330974
331,145,-0.0012421791352728976
331,161,-0.00067952283179102712
331,177,-0.0023923839832012996
331,193,-0.0022184678533075635
331,209,-0.0021751840282146482
331,33,-0.0019578215193068894
331,49,-0.0024358629669018464
331,65,-0.0021750214742935411
331,81,-0.0011772851371099368
331,97,-0.0016106776923073874
331,113,-0.0027188383212578444
330,129,0.0009821783267543174
330,145,-0.0004406264181092155
330,161,-0.00015060404153370674
330,177,-0.00086532849672115613
330,193,-0.00079815122293295257
330,209,-0.0019200374780233783
330,33,0.00096054396056992006
330,49,-0.0014929493006395071
330,65,-0.00091002039118139163
330,81,-0.0015827212343919
330,97,-0.0016278330404636435
330,113,-0.0019875820722478864
329,129,-0.00069693497187118929
329,145,3.9984290237334981e-05
329,161,-0.0010771206814080938
329,177,-0.0015484762023039763
329,193,-0.00074124801535198695
329,209,-0.00045070569033026314
329,33,0.00046261755809765226
329,49,-0.001525813276823419
329,65,-0.0008084527083683286
329,81,-0.0020207738300648285
329,97,-0.00092027837452647685
329,113,6.2285408103743037e-05
328,129,0.00036041087683080677
328,145,-0.0012802732945972188
328,161,-0.0012586053474289666
328,177,-0.00069615425619939074
328,193,-0.001756918064994223
328,209,-0.00045849557660214456
328,33,-0.0006313653868943957
328,49,-0.0020389824408468837
328,65,-0.0031700077486266098
328,81,-0.001626857685237788
328,97,-0.002974025709834694
328,113,-0.0021910949001300302
327,129,-0.00036128193771590647
327,145,-4.8578045062041075e-05
327,161,-0.0014085642117610373
327,177,-0.0019015064898864717
327,193,-0.001028609497633869
327,209,-0.002148511691174589
327,33,-0.0014091655835176402
327,49,-0.0022833774488099103
327,65,-0.0021709718943824989
327,81,-0.0023508394699565719
327,97,-0.0019239950314199291
327,113,-0.0019015178531358384
326,129,0.00010209690090232126
326,145,-0.00084759848463082871
326,161,-0.00051559074346521085
326,177,-0.00020627204561656599
326,193,-0.00073701662058964928
326,209,-0.0010912852286997503
326,33,-9.5887076488658464e-05
326,49,-0.00080335208794437792
326,65,-0.0012022078949164327
326,81,-0.0020246598067429908
326,97,-0.00069256733261604836
326,113,-0.002069216064703771
325,129,0.00039069523645333335
325,145,0.0014163769581542198
325,161,6.2468680133853627e-05
325,177,-0.00048502289590680674
325,193,-0.00044114147118467969
325,209,-9.05204910677445e-05
325,33,0.0006962882923082376
325,49,0.0011548553851268267
325,65,-0.0004411531977005119
325,81,0.0009804100889210909
325,97,-0.00041921445276402571
325,113,-0.00081428244639916269
324,129,0.0015611733002900462
324,145,-0.00024558400123645313
324,161,-4.1157879120090072e-05
324,177,-0.0012032756516294413
324,193,-0.00060963865543866604
324,209,-0.00060963865543866604
324,33,-0.00022338339989105415
324,49,0.00050259010428483947
324,65,-0.00042750989025025949
324,81,-0.00020020259073928436
324,97,-0.00063285986766032677
324,113,0.00057049155477663111
323,129,-0.0001799472545514957
323,145,0.00049736050407579485
323,161,-0.00031095530366363961
323,177,-0.00079264048773688902
323,193,0.0033622711665287405
323,209,-0.00046402377788818696
323,33,-0.00057360431776754244
323,49,0.00019191050703563681
323,65,0.00038836811877285249
323,81,0.00032286684454293688
323,97,0.00012638404557153811
323,113,-0.001229476365645168
322,129,-0.00045016714738202392
322,145,-0.00079781408118756274
322,161,-0.00099452054934860939
322,177,-0.00053595809954096456
322,193,-0.00060138505544548421
322,209,-0.00088517065341660631
322,33,-0.0002527997530113513
322,49,-0.00025253490251367708
322,65,-0.0019139775150577756
322,81,0.0026312207906186531
322,97,-0.0010163143504914654
322,113,0.0017451500475883859
321,129,0.0005650998345684223
321,145,-0.00045812804659626941
321,161,0.0010987521681021519
321,177,-7.8873653538702988e-05
321,193,-7.8935430251469871e-05
321,209,-7.9161956685655822e-05
321,33,0.00016599059722378434
321,49,-0.00016809975697372568
321,65,-0.00027954945413566996
321,81,-0.00097252521218422745
321,97,-5.6634093726912774e-05
321,113,-0.00019038042834970592
320,129,0.00027164554953551095
320,145,-0.00062226824220214434
320,161,-0.00088496448948376246
320,177,-0.00068807991878223017
320,193,0.0023149416208946023
320,209,-0.00022885833285398723
320,33,0.00014185162554045542
320,49,-0.0013892032654741723
320,65,0.00033842726698305587
320,81,-0.0016305271501988209
320,97,-0.00036017680822372371
320,113,-0.00053479506521991304
319,129,0.00084990811118431828
319,145,-0.00025028358622233474
319,161,0.00032320827966477968
319,177,-0.0038159270712480159
319,193,-0.00091391103148792923
319,209,-0.0006482113804947093
319,33,-5.20668538902003e-05
319,49,0.00069733910288817004
319,65,-0.0017798144585339487
319,81,0.00016897002048662775
319,97,-0.00020611374430254758
319,113,-0.0023592350883667379
318,129,0.00029831250621221663
318,145,0.0020989379043791006
318,161,0.001021687798123949
318,177,0.00049714511981198623
318,193,0.00054113092255271425
318,209,0.00023280226791259109
318,33,0.0026887593051124277
318,49,0.0011346480287147895
318,65,0.00065119797402060815
318,81,0.00049706961048797229
318,97,0.00091508185750246356
318,113,0.00038704885640841518
317,129,0.00015654757118886857
317,145,0.00020137825269959586
317,161,2.1331813587463124e-06
317,177,-0.00055200644845787474
317,193,-0.00097411916815811196
317,209,-0.00057411072790434961
317,33,0.00035603519866612423
317,49,-0.00033007896330498518
317,65,-0.00086317034073748198
317,81,-0.00037441843340700712
317,97,-0.0002414282573843127
317,113,-0.00099637946523144444
316,129,7.2885593365841383e-05
316,145,-0.00052097660463330678
316,161,-0.00015381620521259887
316,177,-0.00031412638639690028
316,193,0.0013947211567046512
316,209,7.4874710071831888e-05
316,33,0.00048531307922047975
316,49,0.00034883009832488551
316,65,0.00059958638834784926
316,81,0.00021199633427904387
316,97,-3.9524606167323153e-05
316,113,-0.0015573913078424369
315,129,0.00083102860723962332
315,145,0.00069782308333979056
315,161,0.00065264725647461034
315,177,0.0003610340653461117
315,193,0.00072017562051038492
315,209,-0.00035967156080191244
315,33,0.00101160228872304
315,49,-0.00099288310978489403
315,65,-0.00013421179039474219
315,81,-0.00024685375135605967
315,97,-0.00092497514940009546
315,113,-0.00047259412806685937
314,129,-0.00049173194392712659
314,145,-0.0002051995650226369
314,161,-0.00088657904261450727
314,177,-0.0011729635362977739
314,193,-0.00084266021640102369
314,209,-0.00060048470860258945
314,33,-0.00071046844351004164
314,49,-0.00053453633761129792
314,65,-0.00084251364612959192
314,81,-0.001680619333841052
314,97,-0.00095273242289438582
314,113,-0.0012833649658272636
313,129,-0.0010985486230434291
313,145,-0.0010316933132963428
313,161,-0.0016331837917560408
313,177,-0.0010539235851410645
313,193,-0.0013877378937248871
313,209,-0.0013431918952653092
313,33,-0.0013879164913219195
313,49,-0.003922083613942127
313,65,-0.0016106378198143547
313,81,-0.00087612084762158358
313,97,-0.0019231151759590008
313,113,-0.002280879592814851
312,129,0.00035624720995509532
312,145,0.00068439206904298403
312,161,-0.00016825009374021697
312,177,9.4484009140777923e-05
312,193,-0.00029961331844281872
312,209,0.00066260451517724951
312,33,0.00042184913774143612
312,49,-0.00060660117412294329
312,65,-1.4914976401896491e-05
312,81,-0.00014633468311293148
312,97,0.00040055221054177546
312,113,-0.00093580250300107038
339,17,0.00027161804862922716
338,17,-0.00020985761584897274
337,17,0.00064345419681761647
336,17,0.00083984471830938958
335,17,0.00014063780665894267
334,17,3.113716287452704e-05
333,17,0.00029311502821770328
332,17,-0.00025355008025364982
331,17,-0.00020975384667993113
330,17,0.00018435567598336204
329,17,-3.4487742272226476e-05
328,17,0.00031565470193352255
327,17,8.6158902770668141e-05
326,17,-0.00030479522760321943
325,17,-0.00045738511250726613
324,17,-0.00041376717077160654
323,17,-4.3412093472402531e-05
322,17,-0.00061029469577527783
321,17,0.0018224465680167841
320,17,-0.00045742690750286293
319,17,-0.00061006222664253555
318,17,-0.00015237334817758675
317,17,-0.00039203796696846307
316,17,-0.0012873300624016268
315,17,-0.00032937148698421583
314,17,-0.00041940603016282248
313,17,-0.00089704219909308752
312,17,-0.00030576944214376518
339,225,0.00027080056037610904
338,225,-0.0001283795655929758
337,225,-0.00077490128714872357
336,225,-0.00026197226734597475
335,225,-0.00064095150224899799
334,225,0.00033849885810370984
333,225,0.00075953371896733722
332,225,-0.0009539410590145396
331,225,0.0005160005486480471
330,225,9.409825388269413e-05
329,225,-0.00019512008451682273
328,225,-0.00068561197212333282
327,225,0.00033302431174662256
326,225,-0.0009281211509456431
325,225,-0.0006394555657663676
324,225,0.00015752408316582051
323,225,-4.1240603993991342e-05
322,225,-4.1130487977903041e-05
321,225,-1.9605056370619936e-05
320,225,-0.00041764355662211107
319,225,-0.00072822055929062815
318,225,-0.00061731233895931392
317,225,-0.00028467229353178067
316,225,-0.00061740842883321303
315,225,-0.00014381569678501179
314,225,-0.00098488557011838134
313,225,-0.00065176477245521003
312,225,-0.0005186840280343273
