0.000000000000000 0.219290867771087 0.213020421797400 0.189539872516765 0.218158231539653 0.208176662609193 2.469529385970682 2.292578024614613 
0.200000000000000 0.219290867771087 0.213020421797400 0.189539872516765 0.218158231539653 2.500125063856413 2.469529385970682 2.366318706341872 
0.400000000000000 0.219290867771087 0.213020421797400 0.189539872516765 0.218158231539653 0.208176662609193 0.213824143605012 2.307762037645261 
0.600000000000000 0.219290867771087 0.213020421797400 0.189539872516765 0.218158231539653 2.500125063856413 0.213824143605012 2.323146876821966 
0.800000000000000 0.219290867771087 0.213020421797400 0.189539872516765 0.218158231539653 0.208176662609193 0.213824143605012 2.319282838156369 
1.000000000000000 0.219290867771087 0.213020421797400 0.189539872516765 0.218158231539653 2.500125063856413 0.213824143605012 2.328316537430510 
1.200000000000000 2.497019945647702 2.500265141131742 2.104117654947300 2.104742641112423 0.208176662609193 0.213824143605012 0.801953002247046 
1.400000000000000 2.497019945647702 2.500265141131742 2.104117654947300 2.104742641112423 0.208176662609193 0.213824143605012 0.800360183866815 
1.600000000000000 2.497019945647702 2.500265141131742 2.104117654947300 2.104742641112423 0.208176662609193 0.213824143605012 0.801953002247046 
1.800000000000000 2.497019945647702 2.500265141131742 2.104117654947300 2.104742641112423 0.208176662609193 0.213824143605012 0.801156848957817 
2.000000000000000 2.497019945647702 2.500265141131742 2.104117654947300 2.104742641112423 0.208176662609193 0.213824143605012 0.799563006627068 
2.200000000000000 2.497019945647702 2.500265141131742 2.104117654947300 2.104742641112423 0.208176662609193 0.213824143605012 0.797967114672701 
2.400000000000000 2.497019945647702 2.500265141131742 2.104117654947300 2.104742641112423 0.208176662609193 0.213824143605012 0.799563006627068 
2.600000000000000 2.497019945647702 2.500265141131742 2.104117654947300 2.104742641112423 0.208176662609193 0.213824143605012 0.797168399377142 
2.800000000000000 2.102920801594248 2.500265141131742 2.104117654947300 2.104742641112423 0.208176662609193 0.213824143605012 0.781085976749409 
3.000000000000000 2.102920801594248 2.500265141131742 2.104117654947300 2.104742641112423 0.208176662609193 0.213824143605012 0.779466369235251 
3.200000000000000 2.102920801594248 2.500265141131742 2.104117654947300 2.104742641112423 0.208176662609193 0.213824143605012 0.780276432023584 
3.400000000000000 2.102920801594248 2.500265141131742 2.104117654947300 2.104742641112423 0.208176662609193 0.213824143605012 0.783511504586158 
3.600000000000000 2.102920801594248 2.500265141131742 2.104117654947300 2.104742641112423 0.208176662609193 0.213824143605012 0.781895003627142 
3.800000000000000 2.102920801594248 2.500265141131742 2.104117654947300 2.104742641112423 0.208176662609193 0.213824143605012 0.777844688855794 
4.000000000000000 2.102920801594248 2.500265141131742 2.104117654947300 2.104742641112423 0.208176662609193 0.213824143605012 0.781085976749409 
4.200000000000000 2.102920801594248 2.500265141131742 2.104117654947300 2.104742641112423 0.208176662609193 0.213824143605012 0.776220934206322 
4.400000000000000 2.102920801594248 2.500265141131742 2.498507142280363 2.104742641112423 0.208176662609193 0.213824143605012 0.801953002247046 
4.600000000000001 2.102920801594248 2.500265141131742 2.498507142280363 2.104742641112423 0.208176662609193 0.213824143605012 0.802748643995756 
4.800000000000001 2.102920801594248 2.500265141131742 2.498507142280363 2.104742641112423 0.208176662609193 0.213824143605012 0.800360183866815 
5.000000000000000 2.102920801594248 2.500265141131742 2.498507142280363 2.104742641112423 0.208176662609193 0.213824143605012 0.799563006627068 
5.200000000000000 2.102920801594248 2.500265141131742 2.498507142280363 2.104742641112423 0.208176662609193 0.213824143605012 0.800360183866815 
5.400000000000000 2.102920801594248 2.500265141131742 2.498507142280363 2.104742641112423 0.208176662609193 0.213824143605012 0.802748643995756 
5.600000000000001 2.102920801594248 2.500265141131742 2.498507142280363 2.104742641112423 0.208176662609193 0.213824143605012 0.797967114672701 
5.800000000000001 2.102920801594248 2.500265141131742 2.498507142280363 2.104742641112423 0.208176662609193 0.213824143605012 0.802748643995756 
6.000000000000001 2.497019945647702 2.500265141131742 2.498507142280363 2.104742641112423 0.208176662609193 0.213824143605012 0.928792720222873 
6.200000000000000 2.497019945647702 2.500265141131742 2.498507142280363 2.104742641112423 0.208176662609193 0.213824143605012 0.928075788945534 
6.400000000000000 2.497019945647702 2.500265141131742 2.498507142280363 2.104742641112423 0.208176662609193 0.213824143605012 0.930225325995252 
6.600000000000001 2.497019945647702 2.500265141131742 2.498507142280363 2.104742641112423 0.208176662609193 0.213824143605012 0.928075788945534 
6.800000000000001 2.497019945647702 2.500265141131742 2.498507142280363 2.104742641112423 0.208176662609193 0.213824143605012 0.932371103547894 
7.000000000000001 2.497019945647702 2.500265141131742 2.498507142280363 2.104742641112423 0.208176662609193 0.213824143605012 0.934513141279467 
7.200000000000000 2.497019945647702 2.500265141131742 2.498507142280363 2.104742641112423 0.208176662609193 0.213824143605012 0.925203857615998 
7.400000000000000 2.497019945647702 2.500265141131742 2.498507142280363 2.104742641112423 0.208176662609193 0.213824143605012 0.935226326196926 
