1.400000000000000 2.500168296196631 2.498084947171001 2.090587261903599 2.108045027330697 0.194879968165528 0.209148128850898 1.053610562562426 
1.600000000000000 2.500168296196631 2.498084947171001 2.090587261903599 2.108045027330697 0.194879968165528 0.209148128850898 1.053610562562426 
1.800000000000000 2.500168296196631 2.498084947171001 2.090587261903599 2.108045027330697 0.194879968165528 0.209148128850898 1.061373382853162 
2.000000000000000 2.500168296196631 2.498084947171001 2.090587261903599 2.108045027330697 0.194879968165528 0.209148128850898 1.055167267670186 
2.200000000000000 2.500168296196631 2.498084947171001 2.090587261903599 2.108045027330697 0.194879968165528 0.209148128850898 1.054389175500546 
2.400000000000000 2.500168296196631 2.498084947171001 2.090587261903599 2.108045027330697 0.194879968165528 0.209148128850898 1.068316177630550 
2.600000000000000 2.500168296196631 2.498084947171001 2.090587261903599 2.108045027330697 0.194879968165528 0.209148128850898 1.059049953310023 
2.800000000000000 2.097461345802131 2.498084947171001 2.090587261903599 2.108045027330697 0.194879968165528 0.209148128850898 1.592198868478590 
3.000000000000000 2.097461345802131 2.498084947171001 2.090587261903599 2.108045027330697 0.194879968165528 0.209148128850898 1.582104098171840 
3.200000000000000 2.097461345802131 2.498084947171001 2.090587261903599 2.108045027330697 0.194879968165528 0.209148128850898 1.576151464324539 
3.400000000000000 2.097461345802131 2.498084947171001 2.090587261903599 2.108045027330697 0.194879968165528 0.209148128850898 1.580319433445766 
3.600000000000000 2.097461345802131 2.498084947171001 2.090587261903599 2.108045027330697 0.194879968165528 0.209148128850898 1.589826442226695 
3.800000000000000 2.097461345802131 2.498084947171001 2.090587261903599 2.108045027330697 0.194879968165528 0.209148128850898 1.582104098171840 
4.000000000000000 2.097461345802131 2.498084947171001 2.090587261903599 2.108045027330697 0.194879968165528 0.209148128850898 1.583887795543887 
4.200000000000000 2.097461345802131 2.498084947171001 2.090587261903599 2.108045027330697 0.194879968165528 0.209148128850898 1.579129120500511 
4.400000000000000 2.097461345802131 2.498084947171001 2.499185102052120 2.108045027330697 0.194879968165528 0.209148128850898 1.056721893746726 
4.600000000000001 2.097461345802131 2.498084947171001 2.499185102052120 2.108045027330697 0.194879968165528 0.209148128850898 1.063692211070702 
4.800000000000001 2.097461345802131 2.498084947171001 2.499185102052120 2.108045027330697 0.194879968165528 0.209148128850898 1.069085076469491 
5.000000000000000 2.097461345802131 2.498084947171001 2.499185102052120 2.108045027330697 0.194879968165528 0.209148128850898 1.063692211070702 
5.200000000000000 2.097461345802131 2.498084947171001 2.499185102052120 2.108045027330697 0.194879968165528 0.209148128850898 1.057498429777297 
5.400000000000000 2.097461345802131 2.498084947171001 2.499185102052120 2.108045027330697 0.194879968165528 0.209148128850898 1.066006466419822 
5.600000000000001 2.097461345802131 2.498084947171001 2.499185102052120 2.108045027330697 0.194879968165528 0.209148128850898 1.060599419031860 
5.800000000000001 2.097461345802131 2.498084947171001 2.499185102052120 2.108045027330697 0.194879968165528 0.209148128850898 1.062146835453859 
6.000000000000001 2.500168296196631 2.498084947171001 2.499185102052120 2.108045027330697 0.194879968165528 0.209148128850898 1.050490881388214 
6.200000000000000 2.500168296196631 2.498084947171001 2.499185102052120 2.108045027330697 0.194879968165528 0.209148128850898 1.059049953310023 
6.400000000000000 2.500168296196631 2.498084947171001 2.499185102052120 2.108045027330697 0.194879968165528 0.209148128850898 1.053610562562426 
6.600000000000001 2.500168296196631 2.498084947171001 2.499185102052120 2.108045027330697 0.194879968165528 0.209148128850898 1.064464136208699 
6.800000000000001 2.500168296196631 2.498084947171001 2.499185102052120 2.108045027330697 0.194879968165528 0.209148128850898 1.057498429777297 
7.000000000000001 2.500168296196631 2.498084947171001 2.499185102052120 2.108045027330697 0.194879968165528 0.209148128850898 1.055944840033590 
7.200000000000000 2.500168296196631 2.498084947171001 2.499185102052120 2.108045027330697 0.194879968165528 0.209148128850898 1.059824942842170 
7.400000000000000 2.500168296196631 2.498084947171001 2.499185102052120 2.108045027330697 0.194879968165528 0.209148128850898 1.053610562562426 
