1.400000000000000 2.499993530894218 2.501658499369168 2.102574514175599 2.098356978313319 0.198489329995171 0.193155414620155 0.710395757074593 
1.600000000000000 2.499993530894218 2.501658499369168 2.102574514175599 2.098356978313319 0.198489329995171 0.193155414620155 0.705522261427745 
1.800000000000000 2.499993530894218 2.501658499369168 2.102574514175599 2.098356978313319 0.198489329995171 0.193155414620155 0.706742347642830 
2.000000000000000 2.499993530894218 2.501658499369168 2.102574514175599 2.098356978313319 0.198489329995171 0.193155414620155 0.707961292290406 
2.200000000000000 2.499993530894218 2.501658499369168 2.102574514175599 2.098356978313319 0.198489329995171 0.193155414620155 0.709179095420723 
2.400000000000000 2.499993530894218 2.501658499369168 2.102574514175599 2.098356978313319 0.198489329995171 0.193155414620155 0.706742347642830 
2.600000000000000 2.499993530894218 2.501658499369168 2.102574514175599 2.098356978313319 0.198489329995171 0.193155414620155 0.706742347642830 
2.800000000000000 2.096522090909783 2.501658499369168 2.102574514175599 2.098356978313319 0.198489329995171 0.193155414620155 2.007424079384350 
3.000000000000000 2.096522090909783 2.501658499369168 2.102574514175599 2.098356978313319 0.198489329995171 0.193155414620155 2.009625571474885 
3.200000000000000 2.096522090909783 2.501658499369168 2.102574514175599 2.098356978313319 0.198489329995171 0.193155414620155 2.008157557639834 
3.400000000000000 2.096522090909783 2.501658499369168 2.102574514175599 2.098356978313319 0.198489329995171 0.193155414620155 2.004493676022093 
3.600000000000000 2.096522090909783 2.501658499369168 2.102574514175599 2.098356978313319 0.198489329995171 0.193155414620155 2.007424079384350 
3.800000000000000 2.096522090909783 2.501658499369168 2.102574514175599 2.098356978313319 0.198489329995171 0.193155414620155 2.008157557639834 
4.000000000000000 2.096522090909783 2.501658499369168 2.102574514175599 2.098356978313319 0.198489329995171 0.193155414620155 2.004493676022093 
4.200000000000000 2.096522090909783 2.501658499369168 2.102574514175599 2.098356978313319 0.198489329995171 0.193155414620155 2.010360108267832 
4.400000000000000 2.096522090909783 2.501658499369168 2.499987732537286 2.098356978313319 0.198489329995171 0.193155414620155 0.701855153471570 
4.600000000000001 2.096522090909783 2.501658499369168 2.499987732537286 2.098356978313319 0.198489329995171 0.193155414620155 0.692025985272835 
4.800000000000001 2.096522090909783 2.501658499369168 2.499987732537286 2.098356978313319 0.198489329995171 0.193155414620155 0.701855153471570 
5.000000000000000 2.096522090909783 2.501658499369168 2.499987732537286 2.098356978313319 0.198489329995171 0.193155414620155 0.705522261427745 
5.200000000000000 2.096522090909783 2.501658499369168 2.499987732537286 2.098356978313319 0.198489329995171 0.193155414620155 0.700630501187788 
5.400000000000000 2.096522090909783 2.501658499369168 2.499987732537286 2.098356978313319 0.198489329995171 0.193155414620155 0.704301033640945 
5.600000000000001 2.096522090909783 2.501658499369168 2.499987732537286 2.098356978313319 0.198489329995171 0.193155414620155 0.704301033640945 
5.800000000000001 2.096522090909783 2.501658499369168 2.499987732537286 2.098356978313319 0.198489329995171 0.193155414620155 0.698177772653253 
6.000000000000001 2.499993530894218 2.501658499369168 2.499987732537286 2.098356978313319 0.198489329995171 0.193155414620155 2.007424079384350 
6.200000000000000 2.499993530894218 2.501658499369168 2.499987732537286 2.098356978313319 0.198489329995171 0.193155414620155 2.009179095420723 
6.400000000000000 2.499993530894218 2.501658499369168 2.499987732537286 2.098356978313319 0.198489329995171 0.193155414620155 2.001568855785649 
6.600000000000001 2.499993530894218 2.501658499369168 2.499987732537286 2.098356978313319 0.198489329995171 0.193155414620155 2.007424079384350 
6.800000000000001 2.499993530894218 2.501658499369168 2.499987732537286 2.098356978313319 0.198489329995171 0.193155414620155 2.003761949281966 
7.000000000000001 2.499993530894218 2.501658499369168 2.499987732537286 2.098356978313319 0.198489329995171 0.193155414620155 2.006690952744748 
7.200000000000000 2.499993530894218 2.501658499369168 2.499987732537286 2.098356978313319 0.198489329995171 0.193155414620155 2.005958177076423 
7.400000000000000 2.499993530894218 2.501658499369168 2.499987732537286 2.098356978313319 0.198489329995171 0.193155414620155 2.004493676022093 
