1.400000000000000 2.500168296196631 2.498084947171001 2.090587261903599 2.108045027330697 0.194879968165528 0.209148128850898 1.262323605027632 
1.600000000000000 2.500168296196631 2.498084947171001 2.090587261903599 2.108045027330697 0.194879968165528 0.209148128850898 1.266331755894498 
1.800000000000000 2.500168296196631 2.498084947171001 2.090587261903599 2.108045027330697 0.194879968165528 0.209148128850898 1.267665817766101 
2.000000000000000 2.500168296196631 2.498084947171001 2.090587261903599 2.108045027330697 0.194879968165528 0.209148128850898 1.267665817766101 
2.200000000000000 2.500168296196631 2.498084947171001 2.090587261903599 2.108045027330697 0.194879968165528 0.209148128850898 1.266331755894498 
2.400000000000000 2.500168296196631 2.498084947171001 2.090587261903599 2.108045027330697 0.194879968165528 0.209148128850898 1.265664353871216 
2.600000000000000 2.500168296196631 2.498084947171001 2.090587261903599 2.108045027330697 0.194879968165528 0.209148128850898 1.262992255728932 
2.800000000000000 2.097461345802131 2.498084947171001 2.090587261903599 2.108045027330697 0.194879968165528 0.209148128850898 2.418658425406647 
3.000000000000000 2.097461345802131 2.498084947171001 2.090587261903599 2.108045027330697 0.194879968165528 0.209148128850898 2.424507381643707 
3.200000000000000 2.097461345802131 2.498084947171001 2.090587261903599 2.108045027330697 0.194879968165528 0.209148128850898 2.424507381643707 
3.400000000000000 2.097461345802131 2.498084947171001 2.090587261903599 2.108045027330697 0.194879968165528 0.209148128850898 2.411418733543542 
3.600000000000000 2.097461345802131 2.498084947171001 2.090587261903599 2.108045027330697 0.194879968165528 0.209148128850898 2.402662185438203 
3.800000000000000 2.097461345802131 2.498084947171001 2.090587261903599 2.108045027330697 0.194879968165528 0.209148128850898 2.412642257412699 
4.000000000000000 2.097461345802131 2.498084947171001 2.090587261903599 2.108045027330697 0.194879968165528 0.209148128850898 2.415068953277114 
4.200000000000000 2.097461345802131 2.498084947171001 2.090587261903599 2.108045027330697 0.194879968165528 0.209148128850898 2.407707210580156 
4.400000000000000 2.097461345802131 2.498084947171001 2.499185102052120 2.108045027330697 0.194879968165528 0.209148128850898 1.420732270374174 
4.600000000000001 2.097461345802131 2.498084947171001 2.499185102052120 2.108045027330697 0.194879968165528 0.209148128850898 1.414484667879151 
4.800000000000001 2.097461345802131 2.498084947171001 2.499185102052120 2.108045027330697 0.194879968165528 0.209148128850898 1.406342928801678 
5.000000000000000 2.097461345802131 2.498084947171001 2.499185102052120 2.108045027330697 0.194879968165528 0.209148128850898 1.418234800955361 
5.200000000000000 2.097461345802131 2.498084947171001 2.499185102052120 2.108045027330697 0.194879968165528 0.209148128850898 1.414484667879151 
5.400000000000000 2.097461345802131 2.498084947171001 2.499185102052120 2.108045027330697 0.194879968165528 0.209148128850898 1.417610107417204 
5.600000000000001 2.097461345802131 2.498084947171001 2.499185102052120 2.108045027330697 0.194879968165528 0.209148128850898 1.416985282739915 
5.800000000000001 2.097461345802131 2.498084947171001 2.499185102052120 2.108045027330697 0.194879968165528 0.209148128850898 1.413859183671775 
6.000000000000001 2.500168296196631 2.498084947171001 2.499185102052120 2.108045027330697 0.194879968165528 0.209148128850898 2.410188398231185 
6.200000000000000 2.500168296196631 2.498084947171001 2.499185102052120 2.108045027330697 0.194879968165528 0.209148128850898 2.412642257412699 
6.400000000000000 2.500168296196631 2.498084947171001 2.499185102052120 2.108045027330697 0.194879968165528 0.209148128850898 2.415068953277114 
6.600000000000001 2.500168296196631 2.498084947171001 2.499185102052120 2.108045027330697 0.194879968165528 0.209148128850898 2.418658425406647 
6.800000000000001 2.500168296196631 2.498084947171001 2.499185102052120 2.108045027330697 0.194879968165528 0.209148128850898 2.406456316757613 
7.000000000000001 2.500168296196631 2.498084947171001 2.499185102052120 2.108045027330697 0.194879968165528 0.209148128850898 2.403933825061358 
7.200000000000000 2.500168296196631 2.498084947171001 2.499185102052120 2.108045027330697 0.194879968165528 0.209148128850898 2.412642257412699 
7.400000000000000 2.500168296196631 2.498084947171001 2.499185102052120 2.108045027330697 0.194879968165528 0.209148128850898 2.410188398231185 
