312.000000000000000 657.000000000000000 1.000000000000000 
346.000000000000000 801.000000000000000 1.000000000000000 
346.000000000000000 336.000000000000000 0.000000000000000 
356.000000000000000 384.000000000000000 0.000000000000000 
376.000000000000000 352.000000000000000 0.000000000000000 
387.000000000000000 272.000000000000000 0.000000000000000 
354.000000000000000 272.000000000000000 0.000000000000000 
354.000000000000000 400.000000000000000 0.000000000000000 
349.000000000000000 657.000000000000000 1.000000000000000 
349.000000000000000 849.000000000000000 1.000000000000000 
349.000000000000000 946.000000000000000 0.000000000000000 
283.000000000000000 272.000000000000000 0.000000000000000 
310.000000000000000 352.000000000000000 0.000000000000000 
320.000000000000000 400.000000000000000 0.000000000000000 
344.000000000000000 658.000000000000000 1.000000000000000 
344.000000000000000 786.000000000000000 1.000000000000000 
344.000000000000000 994.000000000000000 0.000000000000000 
220.000000000000000 208.000000000000000 0.000000000000000 
281.000000000000000 112.000000000000000 0.000000000000000 
290.000000000000000 208.000000000000000 0.000000000000000 
286.000000000000000 208.000000000000000 0.000000000000000 
325.000000000000000 225.000000000000000 0.000000000000000 
324.000000000000000 17.000000000000000 0.000000000000000 
331.000000000000000 721.000000000000000 1.000000000000000 
353.000000000000000 112.000000000000000 0.000000000000000 
362.000000000000000 208.000000000000000 0.000000000000000 
358.000000000000000 208.000000000000000 0.000000000000000 
359.000000000000000 225.000000000000000 0.000000000000000 
358.000000000000000 209.000000000000000 0.000000000000000 
365.000000000000000 721.000000000000000 1.000000000000000 
359.000000000000000 82.000000000000000 0.000000000000000 
359.000000000000000 386.000000000000000 0.000000000000000 
373.000000000000000 34.000000000000000 0.000000000000000 
373.000000000000000 2.000000000000000 0.000000000000000 
383.000000000000000 112.000000000000000 0.000000000000000 
392.000000000000000 208.000000000000000 0.000000000000000 
388.000000000000000 208.000000000000000 0.000000000000000 
